1974,1,0.0,4.8830801806486876E-23
1974,2,0.0,4.8830801806486876E-23
1974,4,1.0,1.9999999999999991
8157,2,0.0,4.8830801806486876E-23
8157,3,0.0,4.8830801806486876E-23
14775,2,0.0,4.8830801806486876E-23
14775,3,0.0,1.0000000000000009
14775,4,1.0,1.9999999999999991
14775,5,0.0,1.9999999999999991
8157,4,3.0,1.0000000000000009
8157,5,0.0,1.0000000000000009
16645,1,3.0,4.8830801806486876E-23
16645,2,3.0,4.8830801806486876E-23
16645,3,7.0,1.0000000000000009
16645,4,14.0,1.0000000000000009
85781,1,42.0,25.061968693281436
85781,2,24.0,24.000000000000014
85781,3,54.0,25.061968693281436
85781,4,25.0,25.061968693281436
155734,4,24.0,24.000000000000014
16645,5,14.0,4.8830801806486876E-23
85781,5,9.0,9.599521693281076
88995,1,2.0,1.9999999999999991
88995,2,2.0,3.5844377594529755
88995,3,1.0,1.9999999999999991
88995,4,5.0,3.5844377594529755
88995,5,3.0,1.3138105960899997
89322,1,6.0,1.9999999999999991
89322,2,5.0,5.0000000000000036
89322,3,3.0,1.9999999999999991
89322,4,8.0,6.497600000000148
89322,5,10.0,11.999999999999993
93438,1,24.0,16.62790669328143
93438,2,33.0,24.000000000000014
93438,3,36.0,25.061968693281436
93438,4,33.0,9.599521693281076
93438,5,12.0,11.999999999999993
1974,5,1.0,1.3138105960899997
26733,1,1.0,1.0000000000000009
52974,1,1.0,1.9999999999999991
52974,3,1.0,1.3138105960899997
26733,2,0.0,4.8830801806486876E-23
52974,4,3.0,2.8193942544936466
26733,3,0.0,4.8830801806486876E-23
26733,4,4.0,1.0000000000000009
26733,5,2.0,1.9999999999999991
2806,1,207.0,79.99999999999994
28093,1,8.0,1.3138105960899997
28093,2,2.0,1.9999999999999991
28093,3,0.0,1.0000000000000009
28093,4,13.0,6.497600000000148
28093,5,5.0,1.9999999999999991
155734,1,14.0,11.999999999999993
155734,2,13.0,11.999999999999993
155734,3,9.0,9.599521693281076
155734,5,12.0,11.999999999999993
1974,3,1.0,1.3138105960899997
2806,2,144.0,79.99999999999994
63606,1,1.0,1.0000000000000009
63606,2,2.0,1.0000000000000009
63606,3,1.0,2.8193942544936466
2806,3,87.0,86.99999999999994
63606,4,4.0,3.5844377594529755
63606,5,3.0,1.9999999999999991
2806,4,263.0,79.99999999999994
13908,3,0.0,4.8830801806486876E-23
13908,4,4.0,1.3138105960899997
72945,1,2.0,1.0000000000000009
13908,5,0.0,4.8830801806486876E-23
72945,2,1.0,4.8830801806486876E-23
72945,3,1.0,1.0000000000000009
72945,4,2.0,1.0000000000000009
72945,5,1.0,1.0000000000000009
2806,5,80.0,79.99999999999994
8157,1,1.0,1.0000000000000009
14775,1,1.0,4.8830801806486876E-23
136718,2,7.0,15.268727253613328
136718,1,15.0,22.34296236844142
127910,5,11.0,7.152716432111674
127910,4,64.0,65.60783822217421
127910,3,23.0,15.850789610278351
127910,2,14.0,12.16872725361333
127910,1,14.0,12.16872725361333
126588,5,5.0,7.152716432111674
126588,4,12.0,12.16872725361333
126588,3,16.0,12.16872725361333
126588,2,19.0,12.16872725361333
126588,1,14.0,12.16872725361333
124817,5,13.0,12.29599323890167
124817,4,27.0,23.604358498057366
124817,3,12.0,12.16872725361333
124817,2,6.0,7.842975186969603
124817,1,13.0,8.040260820263558
123491,5,4.0,2.9999999999999982
123491,4,24.0,12.29599323890167
123491,3,10.0,8.040260820263558
123491,2,21.0,12.16872725361333
123491,1,20.0,12.16872725361333
119100,5,3.0,8.179170325236792E-23
119100,4,14.0,8.040260820263558
119100,3,12.0,8.040260820263558
119100,2,1.0,1.9999999999999991
119100,1,21.0,8.040260820263558
117489,5,62.0,30.309425902185282
117489,4,106.0,78.09873675817003
117489,3,28.0,29.289547169134813
117489,2,96.0,65.60783822217421
117489,1,61.0,65.60783822217421
113808,5,28.0,43.26669045908527
113808,4,59.0,65.60783822217421
113808,3,22.0,12.29599323890167
113808,2,6.0,8.040260820263558
113808,1,28.0,7.842975186969603
108002,5,6.0,2.9999999999999982
108002,4,13.0,15.045880610278349
108002,3,9.0,12.16872725361333
108002,2,3.0,7.152716432111674
108002,1,4.0,8.040260820263558
106419,5,3.0,2.7893530695435143
106419,4,23.0,8.916220820263561
106419,3,26.0,12.29599323890167
106419,2,3.0,1.0000000000000009
106419,1,11.0,7.842975186969603
105711,5,11.0,12.16872725361333
105711,4,42.0,30.309425902185282
105711,3,43.0,30.49942590218528
105711,2,22.0,15.850789610278351
105711,1,34.0,30.309425902185282
103761,5,108.0,104.94105870541965
103761,4,497.0,514.1040339966776
103761,3,182.0,197.16139884327666
103761,2,100.0,137.06120786336677
103761,1,169.0,170.63373177337914
102651,5,2.0,4.386010168488603
102651,4,2.0,4.386010168488603
102651,3,15.0,7.842975186969603
102651,2,1.0,2.9999999999999982
102651,1,3.0,12.16872725361333
102552,5,1.0,1.0000000000000009
102552,4,3.0,1.9999999999999991
102552,3,5.0,4.386010168488603
102552,2,2.0,1.0000000000000009
102552,1,5.0,1.9999999999999991
102429,5,1.0,2.7893530695435143
102429,4,2.0,2.7893530695435143
102429,3,4.0,1.9999999999999991
102429,1,4.0,2.7893530695435143
99117,4,1.0,1.0000000000000009
99117,3,3.0,2.9999999999999982
99117,2,0.0,2.7893530695435143
99117,1,2.0,1.9999999999999991
98340,5,4.0,1.0000000000000009
98340,4,5.0,2.7893530695435143
98340,3,9.0,7.842975186969603
98340,2,12.0,8.916220820263561
98340,1,4.0,2.9999999999999982
93807,5,0.0,2.7893530695435143
93807,4,5.0,12.29599323890167
93807,3,2.0,2.9999999999999982
93807,2,1.0,2.7893530695435143
93807,1,2.0,1.9999999999999991
21933,1,3.0,1.0000000000000009
47240,1,109.0,78.09873675817003
8472,3,0.0,8.179170325236792E-23
47109,4,0.0,8.179170325236792E-23
47109,3,1.0,8.179170325236792E-23
92256,5,5.0,1.9999999999999991
92256,4,1.0,8.179170325236792E-23
92256,3,0.0,8.179170325236792E-23
92256,2,1.0,1.0000000000000009
92256,1,1.0,1.0000000000000009
92253,5,7.0,4.386010168488603
92253,4,7.0,8.916220820263561
92253,3,5.0,4.4583921684886025
92253,2,1.0,2.7893530695435143
92253,1,6.0,4.4583921684886025
91737,4,5.0,1.9999999999999991
91737,3,2.0,1.0000000000000009
91737,2,6.0,1.0000000000000009
91737,1,0.0,8.179170325236792E-23
46826,5,2.0,2.9999999999999982
19417,1,18.0,15.850789610278351
46826,4,15.0,12.29599323890167
17313,5,5.0,1.0000000000000009
46826,3,7.0,7.152716432111674
89265,5,2.0,4.4583921684886025
89265,4,4.0,12.16872725361333
89265,3,14.0,19.140689610278365
89265,2,0.0,7.842975186969603
89265,1,9.0,12.16872725361333
89028,4,23.0,7.842975186969603
158227,2,21.0,7.842975186969603
46743,4,2.0,8.179170325236792E-23
17313,3,11.0,2.7893530695435143
46743,3,7.0,1.0000000000000009
46743,2,1.0,2.9999999999999982
87201,5,3.0,2.9999999999999982
87201,4,2.0,4.386010168488603
87201,3,0.0,1.0000000000000009
87201,2,1.0,2.7893530695435143
87201,1,1.0,1.0000000000000009
86235,5,2.0,1.9999999999999991
86235,4,2.0,2.9999999999999982
86235,3,2.0,1.0000000000000009
86235,2,3.0,1.0000000000000009
86235,1,0.0,1.9999999999999991
40622,2,11.0,12.16872725361333
166958,1,222.0,234.01774217358914
40622,1,20.0,30.49942590218528
166958,3,180.0,137.06120786336677
40467,5,9.0,12.16872725361333
85182,2,3.0,4.386010168488603
83412,5,2.0,2.7893530695435143
83412,4,12.0,7.842975186969603
83412,3,6.0,2.9999999999999982
83412,2,1.0,1.9999999999999991
83412,1,7.0,8.040260820263558
82830,5,71.0,71.54657675817005
82830,4,31.0,55.30798443012644
82830,3,32.0,19.140689610278365
82830,2,17.0,20.801699610278362
82830,1,29.0,15.850789610278351
82428,4,1.0,8.179170325236792E-23
82428,3,0.0,8.179170325236792E-23
82428,2,9.0,7.842975186969603
81663,5,2.0,4.386010168488603
81663,4,6.0,12.16872725361333
81663,3,2.0,4.4583921684886025
81663,2,2.0,2.7893530695435143
81663,1,2.0,7.152716432111674
80400,5,0.0,8.179170325236792E-23
80400,4,2.0,1.0000000000000009
79179,5,0.0,8.179170325236792E-23
79179,4,1.0,1.9999999999999991
79179,3,0.0,8.179170325236792E-23
79179,2,0.0,8.179170325236792E-23
79179,1,0.0,1.0000000000000009
79167,5,1.0,8.179170325236792E-23
79167,4,2.0,1.0000000000000009
79167,3,0.0,8.179170325236792E-23
79167,2,4.0,8.179170325236792E-23
79167,1,2.0,8.179170325236792E-23
79068,5,9.0,7.152716432111674
79068,4,11.0,4.386010168488603
79068,3,10.0,4.386010168488603
79068,2,5.0,2.9999999999999982
79068,1,4.0,4.386010168488603
79062,5,1.0,1.0000000000000009
79062,4,2.0,8.179170325236792E-23
79062,3,4.0,8.179170325236792E-23
79062,1,3.0,1.0000000000000009
78932,5,1446.0,1445.999999999999
78932,4,3392.0,1445.999999999999
78932,3,1938.0,1445.999999999999
78932,2,1445.0,615.2814693528566
78932,1,1495.0,1494.999999999999
78885,5,0.0,1.0000000000000009
78885,4,0.0,8.179170325236792E-23
78885,3,2.0,1.0000000000000009
78885,2,0.0,8.179170325236792E-23
78885,1,1.0,8.179170325236792E-23
77028,5,0.0,1.0000000000000009
77028,4,1.0,8.179170325236792E-23
77028,3,0.0,8.179170325236792E-23
77028,2,0.0,8.179170325236792E-23
77028,1,0.0,8.179170325236792E-23
76166,5,285.0,166.92009040358343
76166,4,998.0,615.2814693528566
76166,3,814.0,495.1658561490382
76166,2,327.0,50.43009848428395
76166,1,475.0,234.01774217358914
75974,5,28.0,26.924183490011643
75974,4,41.0,56.66672337498528
75974,3,30.0,23.604358498057366
75974,2,19.0,15.268727253613328
75974,1,22.0,33.159425902185276
75939,5,2.0,2.7893530695435143
75939,4,0.0,1.0000000000000009
75939,3,0.0,1.0000000000000009
75939,2,0.0,1.0000000000000009
75939,1,1.0,1.0000000000000009
75354,5,12.0,12.16872725361333
75354,4,9.0,4.386010168488603
75354,3,13.0,12.29599323890167
75354,2,4.0,1.9999999999999991
75354,1,1.0,4.386010168488603
74118,5,1.0,1.0000000000000009
74118,4,1.0,4.4583921684886025
74118,3,1.0,1.9999999999999991
74118,2,4.0,1.9999999999999991
74118,1,2.0,1.0000000000000009
141989,3,15.0,7.842975186969603
35793,4,4.0,4.386010168488603
8148,2,4.0,1.0000000000000009
35793,3,0.0,8.179170325236792E-23
35073,4,1.0,1.0000000000000009
71970,4,1.0,1.0000000000000009
71970,3,1.0,1.0000000000000009
71970,2,0.0,1.0000000000000009
71970,1,2.0,1.0000000000000009
71961,5,2.0,1.9999999999999991
71961,4,7.0,15.268727253613328
71961,3,0.0,4.386010168488603
71961,2,1.0,4.4583921684886025
71961,1,0.0,7.842975186969603
71934,5,65.0,72.57813977137367
71934,4,216.0,166.92009040358343
71934,3,237.0,170.63373177337914
71934,2,105.0,78.09873675817003
71934,1,153.0,137.06120786336677
69819,5,7.0,4.386010168488603
69819,4,12.0,8.040260820263558
69819,3,4.0,4.386010168488603
69819,2,10.0,8.916220820263561
69819,1,8.0,4.386010168488603
69336,5,1.0,1.0000000000000009
69336,4,1.0,8.179170325236792E-23
69336,3,1.0,1.0000000000000009
69336,1,1.0,1.0000000000000009
68649,5,2.0,2.7893530695435143
68649,4,13.0,29.289547169134813
68649,3,1.0,2.7893530695435143
68649,2,1.0,4.386010168488603
68649,1,3.0,1.0000000000000009
68511,5,0.0,1.0000000000000009
68511,4,3.0,2.9999999999999982
68511,3,2.0,2.7893530695435143
68511,2,0.0,1.0000000000000009
68511,1,0.0,8.179170325236792E-23
68352,2,3.0,1.0000000000000009
66777,4,1.0,8.179170325236792E-23
66777,3,2.0,8.179170325236792E-23
66777,2,1.0,8.179170325236792E-23
66777,1,3.0,8.179170325236792E-23
65511,5,2.0,2.9999999999999982
65511,4,1.0,4.386010168488603
65511,3,2.0,2.9999999999999982
65511,2,0.0,8.179170325236792E-23
65511,1,2.0,1.9999999999999991
65505,5,2.0,1.0000000000000009
65505,4,2.0,8.179170325236792E-23
65505,3,2.0,8.179170325236792E-23
65505,2,1.0,1.0000000000000009
65505,1,2.0,1.0000000000000009
63747,5,7.0,1.9999999999999991
63747,4,6.0,2.9999999999999982
63747,3,6.0,1.0000000000000009
63747,2,5.0,8.179170325236792E-23
63747,1,12.0,1.9999999999999991
11943,4,1.0,4.386010168488603
33476,1,1.0,1.0000000000000009
5985,3,3.0,8.179170325236792E-23
33132,5,2.0,2.7893530695435143
33132,4,4.0,1.0000000000000009
63009,5,0.0,8.179170325236792E-23
63009,4,3.0,1.0000000000000009
63009,3,4.0,8.179170325236792E-23
63009,2,2.0,1.0000000000000009
63009,1,0.0,8.179170325236792E-23
62481,5,1.0,8.179170325236792E-23
62481,4,2.0,1.0000000000000009
62481,3,0.0,1.0000000000000009
62481,2,0.0,8.179170325236792E-23
62481,1,1.0,1.0000000000000009
61872,5,0.0,1.0000000000000009
61872,4,1.0,8.179170325236792E-23
61872,3,3.0,2.7893530695435143
61872,2,1.0,2.7893530695435143
61872,1,1.0,2.9999999999999982
61623,5,0.0,8.179170325236792E-23
61623,4,1.0,8.179170325236792E-23
61623,3,0.0,8.179170325236792E-23
61623,2,0.0,8.179170325236792E-23
61623,1,0.0,8.179170325236792E-23
60615,5,4.0,4.4583921684886025
60615,4,7.0,4.386010168488603
60615,3,7.0,4.386010168488603
60615,2,0.0,8.179170325236792E-23
60615,1,1.0,4.386010168488603
59790,5,1.0,8.179170325236792E-23
59790,4,0.0,1.0000000000000009
59790,3,0.0,8.179170325236792E-23
59790,2,0.0,8.179170325236792E-23
59790,1,0.0,8.179170325236792E-23
58452,5,7.0,1.0000000000000009
58452,4,8.0,8.179170325236792E-23
58452,3,8.0,8.179170325236792E-23
58452,2,1.0,8.179170325236792E-23
58452,1,13.0,8.179170325236792E-23
58269,5,0.0,8.179170325236792E-23
58269,4,0.0,1.0000000000000009
58269,3,1.0,7.152716432111674
28152,2,1.0,8.179170325236792E-23
148093,1,6.0,12.16872725361333
11472,2,2.0,1.9999999999999991
58038,4,0.0,1.0000000000000009
58038,3,0.0,8.179170325236792E-23
58038,2,0.0,1.0000000000000009
58038,1,2.0,8.179170325236792E-23
57261,5,3.0,4.386010168488603
57261,4,9.0,15.268727253613328
57261,3,5.0,4.386010168488603
57261,2,1.0,4.386010168488603
57261,1,1.0,2.9999999999999982
56643,5,39.0,15.268727253613328
56643,4,7.0,8.040260820263558
56643,3,15.0,4.386010168488603
56643,2,5.0,4.386010168488603
56643,1,11.0,7.842975186969603
56436,5,0.0,8.179170325236792E-23
56436,4,1.0,1.0000000000000009
56436,3,0.0,8.179170325236792E-23
56436,2,0.0,1.0000000000000009
55977,1,52.0,43.26669045908527
55599,5,0.0,1.0000000000000009
55599,2,2.0,1.0000000000000009
55599,1,0.0,1.0000000000000009
54705,4,1.0,1.0000000000000009
54705,2,0.0,8.179170325236792E-23
54705,1,1.0,8.179170325236792E-23
53526,5,3.0,1.9999999999999991
53526,4,3.0,8.179170325236792E-23
53526,3,6.0,1.0000000000000009
53526,2,0.0,8.179170325236792E-23
53526,1,0.0,1.0000000000000009
53516,5,49.0,43.26669045908527
53516,4,94.0,78.09873675817003
53516,3,75.0,65.60783822217421
53516,2,27.0,19.140689610278365
53516,1,58.0,65.60783822217421
26520,4,0.0,1.9999999999999991
9036,4,7.0,8.040260820263558
26520,3,1.0,1.0000000000000009
52506,5,2.0,2.7893530695435143
52506,4,3.0,2.7893530695435143
52506,3,2.0,1.0000000000000009
52506,2,3.0,1.0000000000000009
52506,1,3.0,1.0000000000000009
49242,4,2.0,2.7893530695435143
49242,1,0.0,1.0000000000000009
49191,5,2.0,1.0000000000000009
49191,4,4.0,1.0000000000000009
49191,3,3.0,2.7893530695435143
49191,2,3.0,1.0000000000000009
49191,1,4.0,1.0000000000000009
49071,5,0.0,1.0000000000000009
49071,4,0.0,1.0000000000000009
49071,3,1.0,1.0000000000000009
49071,2,1.0,8.179170325236792E-23
49071,1,1.0,8.179170325236792E-23
48872,5,20.0,12.29599323890167
48872,4,86.0,78.09873675817003
48872,3,369.0,370.4273872188903
48872,2,36.0,15.850789610278351
48872,1,80.0,78.09873675817003
47262,5,2.0,8.179170325236792E-23
47262,4,3.0,4.386010168488603
47262,3,0.0,1.0000000000000009
47262,2,2.0,2.7893530695435143
47262,1,6.0,2.9999999999999982
47240,5,194.0,166.92009040358343
47240,4,272.0,166.92009040358343
47240,3,95.0,65.60783822217421
47240,2,142.0,69.05553162012639
149294,4,78.0,25.369425902185284
5256,3,0.0,1.0000000000000009
19417,5,76.0,65.60783822217421
47109,1,1.0,8.179170325236792E-23
46842,5,4.0,4.386010168488603
46842,4,4.0,8.916220820263561
46842,3,1.0,2.7893530695435143
46842,2,5.0,2.7893530695435143
46842,1,2.0,2.9999999999999982
2061,4,14.0,7.842975186969603
8472,1,1.0,4.386010168488603
8274,5,7.0,4.386010168488603
46826,2,14.0,7.842975186969603
46826,1,23.0,12.16872725361333
46743,5,3.0,4.386010168488603
58269,2,0.0,8.179170325236792E-23
158227,3,45.0,15.268727253613328
17313,2,5.0,1.0000000000000009
46743,1,1.0,1.0000000000000009
40622,5,13.0,12.16872725361333
40622,4,65.0,65.60783822217421
40622,3,17.0,22.34296236844142
8274,3,4.0,2.7893530695435143
162377,5,7.0,4.386010168488603
166958,2,71.0,65.60783822217421
40467,4,18.0,12.16872725361333
40467,3,8.0,2.7893530695435143
40467,2,3.0,4.386010168488603
40467,1,3.0,2.7893530695435143
40374,4,1.0,1.0000000000000009
40374,3,0.0,8.179170325236792E-23
40374,1,0.0,8.179170325236792E-23
40137,5,10.0,12.16872725361333
40137,4,9.0,7.842975186969603
40137,3,8.0,7.842975186969603
40137,2,7.0,4.386010168488603
40137,1,7.0,7.842975186969603
39723,5,0.0,8.179170325236792E-23
39723,4,3.0,2.7893530695435143
39723,1,2.0,1.9999999999999991
38769,5,0.0,8.179170325236792E-23
38769,4,3.0,1.0000000000000009
38769,3,0.0,1.9999999999999991
38769,2,1.0,1.0000000000000009
38769,1,1.0,1.0000000000000009
38714,5,23.0,54.99533077137372
38714,4,89.0,170.63373177337914
38714,3,55.0,137.06120786336677
38714,2,14.0,55.30798443012644
38714,1,36.0,104.94105870541965
36876,5,0.0,1.0000000000000009
36876,4,1.0,1.0000000000000009
36876,3,1.0,1.0000000000000009
36876,2,0.0,1.9999999999999991
36876,1,0.0,8.179170325236792E-23
36552,5,1.0,2.9999999999999982
36552,4,6.0,7.152716432111674
36552,3,3.0,7.152716432111674
36552,2,3.0,1.0000000000000009
36552,1,4.0,4.386010168488603
36389,5,8.0,25.369425902185284
36389,4,40.0,78.09873675817003
36389,3,21.0,22.34296236844142
36389,2,9.0,20.801699610278362
36389,1,12.0,29.289547169134813
141989,2,6.0,4.386010168488603
141989,4,19.0,4.386010168488603
4833,4,10.0,1.0000000000000009
35073,3,0.0,8.179170325236792E-23
35073,2,0.0,8.179170325236792E-23
34935,3,0.0,8.179170325236792E-23
34935,1,1.0,1.0000000000000009
34629,5,0.0,1.9999999999999991
34629,4,7.0,7.842975186969603
34629,3,11.0,7.152716432111674
34629,2,5.0,4.4583921684886025
34629,1,8.0,8.040260820263558
34275,5,6.0,2.7893530695435143
34275,4,28.0,4.386010168488603
34275,3,21.0,2.9999999999999982
34275,2,5.0,1.0000000000000009
34275,1,17.0,1.9999999999999991
34257,4,9.0,4.386010168488603
34257,3,6.0,8.916220820263561
34257,1,5.0,7.152716432111674
33558,5,5.0,4.386010168488603
33558,4,6.0,7.842975186969603
33558,3,18.0,4.386010168488603
33558,2,6.0,4.386010168488603
33558,1,7.0,4.386010168488603
33476,5,12.0,15.268727253613328
33476,4,22.0,12.16872725361333
33476,3,5.0,2.7893530695435143
33476,2,1.0,2.7893530695435143
5985,4,0.0,8.179170325236792E-23
3549,4,0.0,8.179170325236792E-23
11943,3,1.0,4.386010168488603
33036,5,6.0,1.0000000000000009
33036,4,1.0,8.179170325236792E-23
33036,3,1.0,1.0000000000000009
33036,2,0.0,8.179170325236792E-23
33036,1,4.0,8.179170325236792E-23
30381,5,0.0,1.0000000000000009
30381,4,2.0,1.9999999999999991
30381,3,2.0,8.179170325236792E-23
30381,2,0.0,1.0000000000000009
30381,1,0.0,8.179170325236792E-23
28812,5,0.0,8.179170325236792E-23
28812,4,7.0,2.9999999999999982
28812,3,13.0,15.268727253613328
28812,2,1.0,1.0000000000000009
28812,1,14.0,8.040260820263558
28152,5,0.0,8.179170325236792E-23
28152,4,0.0,1.0000000000000009
28152,3,0.0,8.179170325236792E-23
147952,4,56.0,56.66672337498528
147952,5,8.0,12.16872725361333
5646,3,1.0,8.179170325236792E-23
11472,1,4.0,7.842975186969603
3549,1,0.0,1.0000000000000009
11244,5,8.0,25.369425902185284
11244,4,4.0,8.040260820263558
26916,2,1.0,1.0000000000000009
26765,5,4.0,8.040260820263558
26765,4,38.0,56.66672337498528
26765,3,29.0,29.289547169134813
26765,2,4.0,4.386010168488603
26765,1,13.0,19.140689610278365
11244,1,0.0,2.9999999999999982
5286,5,3.0,2.7893530695435143
10680,4,2.0,1.0000000000000009
5286,4,2.0,1.0000000000000009
10680,3,0.0,8.179170325236792E-23
26520,5,3.0,1.0000000000000009
9036,5,3.0,8.179170325236792E-23
5286,3,0.0,8.179170325236792E-23
26520,2,6.0,2.9999999999999982
26520,1,11.0,2.7893530695435143
26328,5,0.0,8.179170325236792E-23
26328,4,0.0,8.179170325236792E-23
26328,3,0.0,8.179170325236792E-23
26328,2,1.0,8.179170325236792E-23
24335,5,222.0,170.63373177337914
24335,4,638.0,615.2814693528566
24335,3,234.0,177.76009040358346
24335,2,111.0,108.18501272235572
24335,1,133.0,137.06120786336677
21933,5,2.0,1.0000000000000009
21933,4,3.0,2.9999999999999982
21933,3,2.0,2.9999999999999982
21933,2,5.0,1.9999999999999991
149294,3,187.0,78.09873675817003
149294,5,240.0,65.60783822217421
19417,4,18.0,15.268727253613328
19417,3,15.0,41.28481337498526
19417,2,10.0,8.040260820263558
149965,3,15.0,15.045880610278349
5256,1,0.0,8.179170325236792E-23
17313,4,6.0,1.0000000000000009
58269,1,2.0,4.386010168488603
8274,4,2.0,2.9999999999999982
17313,1,6.0,1.0000000000000009
4932,5,0.0,2.9999999999999982
162377,4,24.0,24.455660334233713
8274,2,3.0,2.7893530695435143
4932,4,7.0,4.4583921684886025
8274,1,1.0,1.9999999999999991
14997,4,1.0,8.179170325236792E-23
14997,3,0.0,1.0000000000000009
14997,2,2.0,1.0000000000000009
14997,1,0.0,1.0000000000000009
168008,4,39.0,29.289547169134813
2952,1,3.0,1.0000000000000009
2061,3,18.0,4.386010168488603
4932,2,13.0,1.0000000000000009
4932,1,1.0,1.0000000000000009
14364,5,3.0,1.0000000000000009
14364,4,6.0,4.4583921684886025
14364,3,2.0,1.9999999999999991
14364,2,1.0,1.0000000000000009
14364,1,1.0,1.9999999999999991
14166,5,1.0,8.179170325236792E-23
14166,4,5.0,1.9999999999999991
14166,1,0.0,1.0000000000000009
141989,1,19.0,12.29599323890167
2061,2,13.0,1.9999999999999991
8148,1,5.0,2.7893530695435143
12885,5,340.0,234.01774217358914
12885,4,477.0,513.5658561490382
12885,3,399.0,416.31585614903815
12885,2,211.0,137.06120786336677
12885,1,466.0,513.5658561490382
12024,5,0.0,4.386010168488603
12024,4,8.0,4.386010168488603
12024,3,2.0,4.386010168488603
12024,2,2.0,1.0000000000000009
12024,1,1.0,1.0000000000000009
11943,5,1.0,1.9999999999999991
3549,5,0.0,1.0000000000000009
2061,1,33.0,20.801699610278362
11943,2,2.0,4.386010168488603
11943,1,3.0,7.842975186969603
11520,5,3.0,4.386010168488603
11520,4,0.0,8.179170325236792E-23
11520,2,0.0,8.179170325236792E-23
11520,1,0.0,8.179170325236792E-23
11472,5,4.0,7.152716432111674
11472,4,8.0,8.040260820263558
11472,3,4.0,7.152716432111674
147952,3,16.0,20.801699610278362
3549,2,1.0,1.0000000000000009
148093,4,65.0,43.26669045908527
5487,2,2.0,8.179170325236792E-23
11244,3,3.0,8.040260820263558
11244,2,2.0,12.16872725361333
148388,3,44.0,22.34296236844142
148388,4,42.0,30.49942590218528
3228,5,1.0,8.179170325236792E-23
2061,5,10.0,7.842975186969603
3228,4,0.0,1.9999999999999991
9036,3,0.0,8.179170325236792E-23
9036,2,0.0,2.7893530695435143
9036,1,1.0,8.179170325236792E-23
8871,5,1.0,8.179170325236792E-23
8871,3,0.0,8.179170325236792E-23
8472,5,0.0,1.0000000000000009
8472,4,1.0,8.179170325236792E-23
149294,2,36.0,12.16872725361333
8472,2,0.0,8.179170325236792E-23
149965,2,69.0,69.05553162012639
3228,2,1.0,8.179170325236792E-23
28152,1,0.0,1.0000000000000009
162377,1,10.0,12.29599323890167
162377,3,29.0,20.801699610278362
3228,1,2.0,8.179170325236792E-23
168008,1,11.0,12.29599323890167
4932,3,7.0,4.386010168488603
168008,3,35.0,30.49942590218528
168008,5,9.0,12.16872725361333
137884,2,15.0,8.040260820263558
8148,5,2.0,8.179170325236792E-23
8148,4,5.0,1.0000000000000009
8148,3,2.0,8.179170325236792E-23
137884,5,11.0,15.268727253613328
141989,5,5.0,8.179170325236792E-23
8052,5,1.0,1.0000000000000009
8052,4,4.0,4.386010168488603
8052,3,4.0,1.9999999999999991
8052,2,2.0,2.9999999999999982
8052,1,2.0,1.0000000000000009
142687,4,4.0,4.386010168488603
146021,2,51.0,43.26669045908527
5985,2,0.0,8.179170325236792E-23
5985,1,0.0,8.179170325236792E-23
5646,5,1.0,8.179170325236792E-23
5646,4,0.0,8.179170325236792E-23
147952,2,8.0,7.152716432111674
148093,3,17.0,7.152716432111674
5487,1,0.0,8.179170325236792E-23
148388,2,12.0,15.268727253613328
148388,5,17.0,24.455660334233713
148624,2,7.0,4.386010168488603
5286,2,1.0,1.0000000000000009
5286,1,0.0,8.179170325236792E-23
5256,4,1.0,8.179170325236792E-23
149294,1,90.0,30.49942590218528
149965,1,63.0,63.05530421541478
58038,5,0.0,8.179170325236792E-23
162377,2,9.0,7.842975186969603
166958,5,70.0,71.54657675817005
168008,2,14.0,8.040260820263558
137884,1,34.0,15.268727253613328
4833,5,6.0,4.386010168488603
137884,4,53.0,29.289547169134813
4833,3,4.0,2.9999999999999982
4833,2,4.0,1.9999999999999991
142687,3,50.0,43.26669045908527
146021,1,43.0,43.26669045908527
3549,3,1.0,7.152716432111674
147952,1,21.0,15.268727253613328
148093,2,17.0,4.4583921684886025
148388,1,23.0,15.850789610278351
148624,1,16.0,12.29599323890167
3228,3,0.0,1.9999999999999991
148624,5,11.0,4.386010168488603
149965,5,39.0,55.30798443012644
166958,4,245.0,234.01774217358914
136718,5,27.0,25.369425902185284
137884,3,23.0,12.16872725361333
142687,2,1.0,1.0000000000000009
142687,5,3.0,2.7893530695435143
146021,5,10.0,8.040260820263558
148093,5,15.0,12.16872725361333
148624,4,26.0,20.801699610278362
149965,4,70.0,71.54657675817005
136718,4,5.0,15.850789610278351
142687,1,7.0,15.268727253613328
146021,4,25.0,26.924183490011643
148624,3,16.0,12.16872725361333
136718,3,11.0,12.16872725361333
146021,3,26.0,15.268727253613328
