330,5,1.0,0.43489069999997326
12969,1,2.0,2.0000000000000018
134246,1,14.0,13.999999999999993
134246,2,2.0,0.43489069999997326
134246,3,9.0,7.9999999999999964
134246,4,28.0,27.999999999999986
134246,5,8.0,7.9999999999999964
12969,2,0.0,0.43489069999997326
12969,3,6.0,2.0000000000000018
63021,2,0.0,0.43489069999997326
63021,4,1.0,0.43489069999997326
12969,4,2.0,2.0
63021,5,0.0,0.43489069999997326
65994,2,1.0,0.43489069999997326
65994,3,0.0,0.43489069999997326
12969,5,0.0,0.43489069999997326
12972,2,1.0,0.43489069999997326
12972,3,1.0,0.43489069999997326
12972,4,0.0,2.0000000000000018
12972,5,2.0,2.0000000000000018
78972,1,1.0,0.43489069999997326
78972,2,0.0,0.43489069999997326
78972,3,2.0,0.43489069999997326
78972,4,12.0,2.0000000000000018
78972,5,3.0,2.0000000000000018
86229,1,2.0,2.0000000000000018
86229,3,0.0,0.43489069999997326
86229,4,3.0,2.0000000000000018
86229,5,1.0,0.43489069999997326
95568,1,4.0,2.0000000000000018
95568,2,0.0,0.43489069999997326
95568,3,8.0,7.9999999999999964
95568,4,16.0,7.9999999999999964
95568,5,4.0,2.0000000000000018
28055,3,27.0,15.133021172751466
52719,5,0.0,1.0000000000000009
131336,5,5.0,5.029000488112885
131336,4,10.0,10.790348434612849
131336,3,27.0,15.133021172751466
131336,2,4.0,2.1954796287499985
131336,1,8.0,10.790348434612849
128919,5,15.0,29.367771004928038
128919,4,27.0,46.47873474454844
128919,3,15.0,19.26302117275148
128919,2,11.0,5.029000488112885
128919,1,8.0,15.133021172751466
128148,5,34.0,39.054637817966885
128148,4,7.0,53.87407509366145
128148,3,36.0,29.367771004928038
128148,2,121.0,53.87407509366145
128148,1,24.0,53.87407509366145
127809,5,101.0,53.87407509366145
127809,4,334.0,57.99999999999997
127809,3,166.0,46.47873474454844
127809,2,66.0,46.47873474454844
127809,1,80.0,46.47873474454844
126168,5,13.0,20.662131560029472
126168,4,18.0,19.26302117275148
126168,3,15.0,15.133021172751466
126168,2,16.0,15.133021172751466
126168,1,24.0,21.123472192779538
124614,5,88.0,15.133021172751466
124614,4,106.0,29.367771004928038
124614,3,131.0,46.47873474454844
124614,2,102.0,46.47873474454844
124614,1,153.0,46.47873474454844
122052,5,9.0,14.528263673594726
122052,4,27.0,15.133021172751466
122052,3,35.0,15.012413111251465
122052,2,1.0,2.9999999999999982
122052,1,8.0,14.528263673594726
112694,5,10.0,10.790348434612849
112694,4,25.0,19.26302117275148
112694,3,14.0,5.029000488112885
112694,2,10.0,5.029000488112885
112694,1,7.0,5.029000488112885
108519,5,12.0,29.367771004928038
108519,4,32.0,53.87407509366145
108519,3,16.0,53.87407509366145
108519,2,11.0,19.26302117275148
108519,1,21.0,19.26302117275148
102429,2,16.0,2.1954796287499985
100482,5,58.0,57.99999999999997
100482,4,97.0,57.99999999999997
100482,3,71.0,57.99999999999997
100482,2,33.0,33.00000000000003
100482,1,90.0,57.99999999999997
100293,5,62.0,39.054637817966885
100293,4,91.0,65.39995569584406
100293,3,37.0,39.054637817966885
100293,2,27.0,29.367771004928038
100293,1,69.0,46.47873474454844
23601,4,4.0,1.0000000000000009
43956,1,3.0,2.0000000000000018
9543,4,19.0,5.029000488112885
43932,5,5.0,2.1954796287499985
43932,4,2.0,2.0000000000000018
93072,5,0.0,2.959294899999998
93072,4,1.0,2.1954796287499985
93072,3,0.0,2.1954796287499985
93072,2,1.0,1.0000000000000009
93072,1,0.0,2.1954796287499985
92865,5,1.0,1.0000000000000009
92865,4,2.0,2.959294899999998
92865,3,2.0,2.0000000000000018
92865,2,1.0,1.0000000000000009
92865,1,0.0,1.0000000000000009
92286,5,6.0,14.528263673594726
92286,4,4.0,15.133021172751466
92286,3,19.0,15.012413111251465
92286,2,21.0,20.662131560029472
92286,1,33.0,29.367771004928038
91053,5,3.0,2.1954796287499985
91053,4,2.0,2.1954796287499985
91053,3,4.0,10.790348434612849
91053,2,6.0,2.1954796287499985
91053,1,3.0,5.029000488112885
88986,5,4.0,2.0000000000000018
88986,4,3.0,2.959294899999998
88986,3,4.0,2.1954796287499985
88986,2,5.0,2.1954796287499985
88986,1,8.0,2.1954796287499985
88785,5,5.0,2.1954796287499985
88785,4,27.0,8.531450488112853
88785,3,11.0,5.029000488112885
88785,2,25.0,10.790348434612849
88785,1,17.0,10.790348434612849
88779,5,1.0,2.959294899999998
88779,4,0.0,1.0000000000000009
88779,3,2.0,2.0000000000000018
88779,2,3.0,2.1954796287499985
88779,1,1.0,1.0000000000000009
86850,5,1.0,2.1954796287499985
86850,4,1.0,2.1954796287499985
86850,3,3.0,2.1954796287499985
86850,2,0.0,1.0000000000000009
86850,1,1.0,2.1954796287499985
40536,4,1.0,1.0000000000000009
8886,4,1.0,1.0000000000000009
40536,3,0.0,5.029000488112885
40536,2,0.0,2.0000000000000018
82149,5,38.0,39.054637817966885
82149,4,74.0,65.39995569584406
82149,3,105.0,46.47873474454844
82149,2,37.0,20.662131560029472
82149,1,65.0,46.47873474454844
81333,5,0.0,1.0000000000000009
81333,4,4.0,2.9999999999999982
81333,3,2.0,1.0000000000000009
81333,2,0.0,1.0000000000000009
81333,1,0.0,1.0000000000000009
79176,5,4.0,1.0000000000000009
79176,4,2.0,2.959294899999998
79176,3,17.0,15.133021172751466
79176,2,6.0,1.0000000000000009
79176,1,10.0,8.531450488112853
14754,3,13.0,2.1954796287499985
39282,4,1.0,2.0000000000000018
8712,3,5.0,2.1954796287499985
39282,3,0.0,2.1954796287499985
39282,2,1.0,1.0000000000000009
78744,5,0.0,2.1954796287499985
78744,4,0.0,2.1954796287499985
78744,3,5.0,1.0000000000000009
78744,2,0.0,1.0000000000000009
78744,1,1.0,2.0000000000000018
78570,5,0.0,2.1954796287499985
78570,4,3.0,5.029000488112885
78570,3,2.0,2.0000000000000018
78570,1,0.0,1.0000000000000009
78375,5,1.0,1.0000000000000009
78375,4,0.0,1.0000000000000009
78375,3,0.0,2.1954796287499985
78375,2,1.0,1.0000000000000009
75078,5,2.0,2.1954796287499985
75078,4,2.0,2.1954796287499985
75078,3,3.0,2.0000000000000018
75078,2,0.0,2.9999999999999982
75078,1,1.0,1.0000000000000009
74547,5,23.0,10.790348434612849
74547,4,23.0,15.128263673594727
74547,3,27.0,14.528263673594726
74547,2,14.0,10.790348434612849
74547,1,33.0,14.528263673594726
74148,5,50.0,29.367771004928038
74148,4,95.0,53.87407509366145
74148,3,46.0,29.367771004928038
74148,2,17.0,23.701772192779536
74148,1,33.0,39.054637817966885
73377,5,0.0,14.528263673594726
73377,4,3.0,2.0000000000000018
73377,3,2.0,1.0000000000000009
73377,2,2.0,2.9999999999999982
73377,1,8.0,2.9999999999999982
73245,5,1.0,1.0000000000000009
73245,4,0.0,1.0000000000000009
73245,3,1.0,1.0000000000000009
73245,2,0.0,1.0000000000000009
73245,1,0.0,1.0000000000000009
72836,5,9.0,15.133021172751466
72836,4,35.0,39.054637817966885
72836,3,18.0,19.26302117275148
72836,2,6.0,10.790348434612849
72836,1,9.0,15.133021172751466
71580,5,90.0,46.47873474454844
71580,4,184.0,39.80261329791132
71580,3,61.0,61.00000000000003
71580,2,82.0,46.47873474454844
71580,1,74.0,53.87407509366145
70694,5,64.0,39.054637817966885
70694,4,55.0,23.701772192779536
70694,3,82.0,39.054637817966885
70694,2,71.0,46.47873474454844
70694,1,37.0,46.47873474454844
2877,5,1.0,1.0000000000000009
34920,4,2.0,2.0000000000000018
63501,5,1.0,2.1954796287499985
63501,4,1.0,10.790348434612849
63501,3,1.0,5.029000488112885
63501,2,0.0,1.0000000000000009
63501,1,0.0,2.0000000000000018
34920,1,0.0,1.0000000000000009
12918,5,1.0,1.0000000000000009
34830,5,2.0,10.790348434612849
62772,5,2.0,2.1954796287499985
62772,4,6.0,5.029000488112885
62772,3,6.0,2.1954796287499985
62772,2,0.0,1.0000000000000009
62772,1,0.0,2.0000000000000018
61083,5,0.0,2.1954796287499985
61083,4,1.0,1.0000000000000009
61083,3,0.0,1.0000000000000009
61083,2,0.0,1.0000000000000009
61083,1,2.0,1.0000000000000009
60416,5,22.0,15.012413111251465
60416,4,41.0,10.790348434612849
60416,3,41.0,15.012413111251465
60416,2,26.0,2.9999999999999982
60416,1,28.0,2.1954796287499985
59208,5,0.0,1.0000000000000009
59208,4,8.0,2.959294899999998
59208,3,5.0,1.0000000000000009
59208,2,0.0,1.0000000000000009
59208,1,0.0,1.0000000000000009
58782,5,0.0,1.0000000000000009
58782,4,4.0,1.0000000000000009
58782,3,4.0,2.0000000000000018
58782,2,1.0,1.0000000000000009
58782,1,6.0,1.0000000000000009
58437,5,0.0,1.0000000000000009
58437,4,1.0,1.0000000000000009
58437,3,0.0,1.0000000000000009
58437,2,0.0,1.0000000000000009
58395,5,1.0,1.0000000000000009
58395,4,2.0,2.0000000000000018
58395,3,1.0,1.0000000000000009
58395,1,1.0,1.0000000000000009
58356,5,5.0,2.1954796287499985
58356,4,16.0,10.790348434612849
58356,3,14.0,14.528263673594726
58356,2,2.0,1.0000000000000009
58356,1,7.0,5.029000488112885
58350,5,0.0,2.0000000000000018
58350,4,2.0,1.0000000000000009
58350,3,2.0,1.0000000000000009
58350,2,3.0,1.0000000000000009
58350,1,2.0,2.0000000000000018
57591,5,0.0,1.0000000000000009
57591,4,2.0,2.959294899999998
57591,3,0.0,2.0000000000000018
57591,2,0.0,1.0000000000000009
57591,1,0.0,1.0000000000000009
56880,5,0.0,1.0000000000000009
56880,4,1.0,1.0000000000000009
56880,3,0.0,1.0000000000000009
56880,2,1.0,21.123472192779538
56880,1,0.0,1.0000000000000009
55532,5,4.0,1.0000000000000009
55532,4,16.0,2.1954796287499985
55532,3,6.0,2.1954796287499985
55532,2,6.0,2.0000000000000018
55532,1,7.0,2.1954796287499985
55521,5,0.0,1.0000000000000009
55521,4,1.0,1.0000000000000009
55521,3,0.0,1.0000000000000009
55521,1,0.0,1.0000000000000009
54762,5,0.0,1.0000000000000009
54762,4,11.0,1.0000000000000009
54762,3,3.0,1.0000000000000009
54762,2,3.0,1.0000000000000009
54762,1,4.0,1.0000000000000009
53085,5,0.0,2.0000000000000018
53085,4,1.0,1.0000000000000009
53085,3,0.0,2.959294899999998
1743,2,0.0,1.0000000000000009
2214,5,4.0,10.790348434612849
9597,2,1.0,2.0000000000000018
52719,4,2.0,1.0000000000000009
52719,3,3.0,2.0000000000000018
52719,2,0.0,2.0000000000000018
52719,1,0.0,2.0000000000000018
52401,5,0.0,1.0000000000000009
52401,4,1.0,1.0000000000000009
52401,3,1.0,1.0000000000000009
52401,2,1.0,1.0000000000000009
52401,1,1.0,1.0000000000000009
49566,5,0.0,1.0000000000000009
49566,4,0.0,1.0000000000000009
49566,3,1.0,1.0000000000000009
49566,2,1.0,1.0000000000000009
49566,1,2.0,1.0000000000000009
45252,5,1.0,1.0000000000000009
45252,4,0.0,1.0000000000000009
45252,3,0.0,2.0000000000000018
45252,2,0.0,2.0000000000000018
45252,1,0.0,2.0000000000000018
43992,5,2.0,2.0000000000000018
43992,4,0.0,2.0000000000000018
43992,3,4.0,2.959294899999998
43992,2,2.0,1.0000000000000009
43992,1,4.0,2.0000000000000018
43956,5,4.0,2.959294899999998
43956,4,8.0,2.959294899999998
43956,3,4.0,2.959294899999998
43956,2,0.0,2.0000000000000018
9543,5,27.0,10.790348434612849
3045,2,4.0,1.0000000000000009
23601,3,8.0,2.0000000000000018
43932,3,5.0,5.029000488112885
43932,2,12.0,1.0000000000000009
43932,1,5.0,8.531450488112853
42813,5,0.0,2.1954796287499985
42813,4,1.0,1.0000000000000009
42813,3,0.0,1.0000000000000009
42813,2,0.0,1.0000000000000009
42813,1,0.0,1.0000000000000009
42357,5,2.0,2.1954796287499985
42357,4,1.0,2.959294899999998
42357,3,2.0,1.0000000000000009
42357,2,4.0,1.0000000000000009
42357,1,4.0,8.531450488112853
40593,5,3.0,15.133021172751466
40593,4,2.0,15.133021172751466
40593,3,17.0,53.87407509366145
40593,2,1.0,15.133021172751466
40593,1,5.0,18.162176489601485
40536,5,1.0,5.029000488112885
17328,3,5.0,1.0000000000000009
2997,5,1.0,2.0000000000000018
17328,2,0.0,1.0000000000000009
40536,1,1.0,2.1954796287499985
40479,5,4.0,2.0000000000000018
40479,4,3.0,1.0000000000000009
40479,3,5.0,2.1954796287499985
40479,2,9.0,2.959294899999998
40479,1,8.0,2.1954796287499985
39282,5,0.0,1.0000000000000009
8712,4,1.0,1.0000000000000009
2997,3,0.0,2.1954796287499985
14754,2,12.0,10.790348434612849
39282,1,1.0,1.0000000000000009
38727,5,0.0,1.0000000000000009
38727,4,0.0,1.0000000000000009
38727,3,0.0,1.0000000000000009
38727,2,1.0,1.0000000000000009
38727,1,6.0,2.9999999999999982
37401,5,4.0,1.0000000000000009
37401,4,7.0,1.0000000000000009
37401,2,3.0,1.0000000000000009
37401,1,8.0,1.0000000000000009
37397,5,9.0,5.029000488112885
37397,4,9.0,1.0000000000000009
37397,3,16.0,14.528263673594726
37397,2,6.0,8.531450488112853
37397,1,15.0,15.128263673594727
36786,5,0.0,1.0000000000000009
36786,4,0.0,1.0000000000000009
36786,3,2.0,1.0000000000000009
36786,2,0.0,1.0000000000000009
36786,1,1.0,1.0000000000000009
35526,5,0.0,1.0000000000000009
35526,4,0.0,1.0000000000000009
35526,3,1.0,1.0000000000000009
35526,2,0.0,1.0000000000000009
35526,1,0.0,1.0000000000000009
34920,5,1.0,1.0000000000000009
157253,3,75.0,29.367771004928038
34920,3,0.0,1.0000000000000009
34920,2,1.0,1.0000000000000009
5907,1,0.0,2.1954796287499985
5580,5,2.0,1.0000000000000009
34830,4,5.0,14.528263673594726
34830,3,7.0,15.133021172751466
34830,2,1.0,2.0000000000000018
34830,1,2.0,5.029000488112885
34104,5,1.0,1.0000000000000009
34104,4,3.0,2.0000000000000018
34104,3,0.0,1.0000000000000009
34104,2,0.0,1.0000000000000009
34104,1,0.0,1.0000000000000009
34023,5,2.0,1.0000000000000009
34023,4,0.0,1.0000000000000009
34023,3,0.0,1.0000000000000009
34023,1,0.0,1.0000000000000009
33696,4,1.0,1.0000000000000009
33696,1,0.0,1.0000000000000009
33131,5,12.0,14.528263673594726
33131,4,12.0,18.162176489601485
33131,3,10.0,19.26302117275148
33131,2,18.0,15.128263673594727
33131,1,6.0,14.528263673594726
32817,4,6.0,5.029000488112885
32136,5,2.0,2.1954796287499985
32136,4,2.0,8.531450488112853
32136,3,2.0,2.0000000000000018
32136,2,1.0,1.0000000000000009
32136,1,3.0,1.0000000000000009
31929,5,1.0,1.0000000000000009
31929,3,1.0,1.0000000000000009
31929,1,0.0,1.0000000000000009
29028,5,1.0,2.1954796287499985
29028,4,0.0,1.0000000000000009
29028,3,3.0,2.1954796287499985
29028,2,2.0,2.1954796287499985
29028,1,0.0,1.0000000000000009
28055,5,18.0,2.1954796287499985
582,3,2.0,1.0000000000000009
5052,1,1.0,1.0000000000000009
28055,2,17.0,10.790348434612849
28055,1,22.0,15.012413111251465
26772,5,2.0,14.528263673594726
26772,4,2.0,39.054637817966885
26772,3,1.0,27.188241004928038
26772,2,2.0,10.790348434612849
26772,1,1.0,15.133021172751466
26745,5,6.0,5.029000488112885
26745,4,6.0,15.133021172751466
26745,3,10.0,10.790348434612849
26745,2,12.0,2.959294899999998
26745,1,14.0,8.531450488112853
23601,5,3.0,1.0000000000000009
3045,3,3.0,1.0000000000000009
2214,3,4.0,15.133021172751466
23601,2,4.0,1.0000000000000009
23601,1,5.0,2.1954796287499985
20121,5,2.0,5.029000488112885
20121,4,11.0,5.029000488112885
20121,3,13.0,2.1954796287499985
20121,2,3.0,2.959294899999998
20121,1,7.0,2.1954796287499985
17328,5,2.0,1.0000000000000009
17328,4,17.0,5.029000488112885
140675,3,46.0,46.47873474454844
2214,2,14.0,10.790348434612849
17328,1,1.0,1.0000000000000009
14754,5,22.0,15.128263673594727
14754,4,13.0,10.790348434612849
2997,4,2.0,1.0000000000000009
2214,1,7.0,15.133021172751466
14754,1,12.0,2.959294899999998
14394,5,3.0,5.029000488112885
14394,4,0.0,5.029000488112885
14394,3,2.0,2.959294899999998
14394,2,1.0,10.790348434612849
14394,1,2.0,2.1954796287499985
5907,5,2.0,1.0000000000000009
156583,3,38.0,46.47873474454844
5907,4,2.0,1.0000000000000009
2997,1,0.0,1.0000000000000009
5907,3,3.0,5.029000488112885
582,4,1.0,1.0000000000000009
5907,2,0.0,2.1954796287499985
157253,2,6.0,10.790348434612849
1743,4,2.0,1.0000000000000009
2877,4,1.0,2.0000000000000018
12918,4,0.0,1.0000000000000009
12918,3,1.0,1.0000000000000009
12918,2,1.0,1.0000000000000009
12918,1,1.0,1.0000000000000009
10491,5,0.0,1.0000000000000009
10491,4,0.0,1.0000000000000009
10491,3,7.0,1.0000000000000009
10491,2,0.0,2.1954796287499985
10491,1,0.0,2.0000000000000018
9846,5,2.0,2.0000000000000018
9846,4,9.0,2.1954796287499985
9846,3,9.0,2.1954796287499985
9846,2,2.0,2.1954796287499985
9846,1,3.0,2.1954796287499985
9597,5,4.0,1.0000000000000009
9597,4,3.0,2.9999999999999982
9597,3,3.0,2.9999999999999982
166861,5,22.0,15.133021172751466
9597,1,1.0,2.9999999999999982
9576,5,0.0,1.0000000000000009
9576,4,1.0,1.0000000000000009
9576,3,0.0,1.0000000000000009
9576,2,0.0,1.0000000000000009
9576,1,0.0,1.0000000000000009
137228,2,37.0,21.123472192779538
1743,1,0.0,1.0000000000000009
9543,3,29.0,15.012413111251465
9543,2,8.0,8.531450488112853
9543,1,16.0,10.790348434612849
8886,5,0.0,1.0000000000000009
140675,2,21.0,15.133021172751466
8712,5,1.0,1.0000000000000009
145958,1,54.0,15.133021172751466
582,5,1.0,1.0000000000000009
8712,2,0.0,1.0000000000000009
8712,1,3.0,1.0000000000000009
2997,2,0.0,1.0000000000000009
156583,2,46.0,15.133021172751466
1743,5,0.0,1.0000000000000009
582,1,3.0,2.959294899999998
157253,1,15.0,14.528263673594726
157253,5,26.0,15.133021172751466
5580,4,0.0,2.9999999999999982
5580,3,2.0,2.1954796287499985
5580,2,0.0,1.0000000000000009
5580,1,2.0,1.0000000000000009
5052,5,1.0,2.1954796287499985
5052,4,6.0,5.029000488112885
5052,3,1.0,2.1954796287499985
5052,2,1.0,1.0000000000000009
166861,4,24.0,29.367771004928038
3045,5,2.0,1.0000000000000009
3045,4,6.0,1.0000000000000009
137228,1,76.0,53.87407509366145
137228,3,78.0,46.47873474454844
3045,1,7.0,1.0000000000000009
140675,1,39.0,39.054637817966885
140675,5,26.0,15.133021172751466
582,2,3.0,1.0000000000000009
145958,5,51.0,14.528263673594726
156583,1,32.0,39.054637817966885
156583,5,31.0,29.367771004928038
157253,4,18.0,8.531450488112853
2877,3,0.0,5.029000488112885
2877,2,1.0,1.0000000000000009
2877,1,1.0,2.1954796287499985
166861,3,37.0,15.133021172751466
2214,4,9.0,15.012413111251465
53085,2,1.0,1.0000000000000009
137228,5,38.0,29.367771004928038
140675,4,15.0,15.133021172751466
145958,4,37.0,14.528263673594726
156583,4,43.0,46.47873474454844
1743,3,0.0,1.0000000000000009
166861,2,14.0,14.528263673594726
28055,4,20.0,15.012413111251465
137228,4,105.0,39.80261329791132
145958,3,52.0,15.128263673594727
166861,1,11.0,10.790348434612849
53085,1,0.0,1.0000000000000009
145958,2,42.0,15.128263673594727
