33,2,1.0,1.6335894666976554
166919,5,27.0,23.39235357527898
166919,4,18.0,30.826353575278986
166919,3,16.0,21.269590337721922
166919,2,22.0,10.374966916565485
166919,1,8.0,10.374966916565485
160751,5,2.0,2.0430994666976563
160751,4,11.0,7.142517333375381
160751,3,17.0,16.14809063746226
160751,2,10.0,4.1001744512307186
160751,1,6.0,1.9430994666976553
158638,5,133.0,91.08163683681778
158638,4,131.0,127.7457334441803
158638,3,144.0,143.93250921473364
158638,2,66.0,91.08163683681778
158638,1,118.0,123.07390765734641
158395,5,13.0,2.6441416389616092E-23
158395,4,9.0,2.6441416389616092E-23
158395,3,22.0,2.6441416389616092E-23
158395,2,3.0,2.6441416389616092E-23
158395,1,13.0,1.0000000000000009
153697,5,21.0,16.14809063746226
153697,4,30.0,26.426353575278988
153697,3,102.0,93.07733864578051
153697,2,13.0,23.39235357527898
153697,1,26.0,30.826353575278986
153145,5,6.0,16.14809063746226
153145,4,8.0,16.14809063746226
153145,3,18.0,16.14809063746226
153145,2,19.0,16.14809063746226
153145,1,7.0,5.741011233375382
150503,5,10.0,12.77119132176515
150503,4,32.0,57.46881782248896
150503,3,48.0,57.46881782248896
150503,2,14.0,23.39235357527898
150503,1,20.0,18.570880337721924
147118,5,49.0,7.142517333375381
147118,4,25.0,16.14809063746226
147118,3,24.0,5.741011233375382
147118,2,27.0,5.2071112333753815
147118,1,27.0,5.2071112333753815
147091,5,10.0,5.741011233375382
147091,4,17.0,7.142517333375381
147091,3,18.0,20.013921134722736
147091,2,3.0,1.6335894666976554
147091,1,12.0,7.142517333375381
145558,5,20.0,26.426353575278988
145558,4,19.0,30.826353575278986
145558,3,267.0,205.66548444708084
145558,2,27.0,46.902945965278946
145558,1,42.0,50.92322301627894
145289,5,7.0,23.39235357527898
145289,4,35.0,30.826353575278986
145289,3,55.0,66.05674492248895
145289,2,9.0,18.570880337721924
145289,1,7.0,18.570880337721924
141292,5,28.0,3.151072977645656
141292,4,44.0,5.2071112333753815
141292,3,108.0,16.14809063746226
141292,2,19.0,5.2071112333753815
141292,1,21.0,4.1001744512307186
137191,5,46.0,30.826353575278986
137191,4,100.0,57.46881782248896
137191,3,272.0,127.7457334441803
137191,2,186.0,66.05674492248895
137191,1,93.0,66.05674492248895
134443,5,17.0,7.142517333375381
134443,4,9.0,6.802090174375382
134443,3,3.0,5.741011233375382
134443,2,18.0,7.142517333375381
134443,1,6.0,5.2071112333753815
131558,5,26.0,26.426353575278988
131558,4,147.0,91.08163683681778
131558,3,73.0,46.902945965278946
131558,2,12.0,6.135966916565482
131558,1,30.0,30.826353575278986
130713,5,15.0,16.14809063746226
130713,4,28.0,26.426353575278988
130713,3,58.0,57.46881782248896
130713,2,8.0,16.14809063746226
130713,1,28.0,23.39235357527898
129684,5,17.0,10.374966916565485
129684,4,33.0,23.39235357527898
129684,3,47.0,30.826353575278986
129684,2,7.0,5.2071112333753815
129684,1,16.0,16.14809063746226
121431,5,11.0,4.1001744512307186
121431,4,8.0,10.374966916565485
121431,3,20.0,16.14809063746226
121431,2,9.0,5.2071112333753815
121431,1,21.0,7.142517333375381
120246,5,10.0,10.374966916565485
120246,4,32.0,50.92322301627894
120246,3,27.0,26.426353575278988
120246,2,9.0,15.548640309141577
120246,1,11.0,23.39235357527898
117618,5,27.0,18.570880337721924
117618,4,41.0,22.999999999999986
117618,3,24.0,16.14809063746226
117618,2,13.0,2.0430994666976563
117618,1,37.0,16.14809063746226
115419,5,4.0,6.135966916565482
115419,4,12.0,9.465966916565486
115419,3,16.0,16.14809063746226
115419,2,4.0,1.9430994666976553
115419,1,7.0,7.835966916565483
109701,5,20.0,16.14809063746226
109701,4,64.0,26.426353575278988
109701,3,65.0,26.426353575278988
109701,2,12.0,7.142517333375381
109701,1,32.0,16.14809063746226
107942,5,118.0,50.92322301627894
107942,4,40.0,22.999999999999986
107942,3,50.0,23.39235357527898
107942,2,55.0,156.61052910312125
107942,1,45.0,16.14809063746226
107613,5,10.0,1.6335894666976554
107613,4,3.0,2.0430994666976563
107613,3,16.0,2.0430994666976563
107613,2,2.0,2.6441416389616092E-23
107613,1,10.0,2.6441416389616092E-23
105609,5,93.0,93.07733864578051
105609,4,293.0,205.66548444708084
105609,3,83.0,91.08163683681778
105609,2,61.0,57.46881782248896
105609,1,83.0,84.41711713312907
103653,5,11.0,6.802090174375382
103653,4,10.0,4.1001744512307186
103653,3,10.0,7.142517333375381
103653,2,12.0,9.465966916565486
103653,1,8.0,5.2071112333753815
103356,5,15.0,16.14809063746226
103356,4,24.0,16.14809063746226
103356,3,17.0,16.14809063746226
103356,2,6.0,7.835966916565483
103356,1,19.0,7.142517333375381
103332,5,6.0,1.9430994666976553
103332,4,17.0,18.570880337721924
103332,3,17.0,21.269590337721922
103332,2,3.0,4.1001744512307186
103332,1,12.0,16.14809063746226
102453,5,2.0,2.6441416389616092E-23
102453,4,3.0,1.0000000000000009
102453,3,1.0,1.9430994666976553
102453,2,0.0,1.6335894666976554
102453,1,2.0,1.6335894666976554
102447,5,2.0,2.6441416389616092E-23
102447,4,5.0,2.6441416389616092E-23
102447,3,22.0,6.802090174375382
102447,2,15.0,5.2071112333753815
102447,1,5.0,5.2071112333753815
102261,5,61.0,61.00000000000003
102261,4,35.0,123.55621672192854
102261,3,42.0,91.08163683681778
102261,2,39.0,93.07733864578051
102261,1,35.0,91.08163683681778
101382,5,12.0,2.0430994666976563
101382,4,12.0,2.0430994666976563
101382,3,20.0,7.835966916565483
101382,2,30.0,7.142517333375381
101382,1,19.0,2.0430994666976563
101148,5,1.0,1.0000000000000009
101148,4,2.0,2.6441416389616092E-23
101148,3,3.0,3.151072977645656
101148,2,1.0,1.6335894666976554
101148,1,0.0,1.0000000000000009
100344,5,19.0,6.802090174375382
100344,4,7.0,4.1001744512307186
100344,3,2.0,1.9430994666976553
100344,2,13.0,2.0430994666976563
100344,1,15.0,5.2071112333753815
99948,5,14.0,5.741011233375382
99948,4,5.0,4.1001744512307186
99948,3,10.0,5.2071112333753815
99948,2,1.0,3.151072977645656
99948,1,5.0,5.741011233375382
99860,5,38.0,26.426353575278988
99860,4,40.0,50.92322301627894
99860,3,29.0,30.826353575278986
99860,2,41.0,26.426353575278988
99860,1,39.0,30.826353575278986
99678,5,5.0,2.0430994666976563
99678,4,8.0,4.1001744512307186
99678,3,3.0,1.6335894666976554
99678,2,1.0,1.9430994666976553
99678,1,7.0,5.2071112333753815
99663,5,1.0,1.6335894666976554
99663,4,4.0,7.142517333375381
99663,3,0.0,1.9430994666976553
99663,2,0.0,1.9430994666976553
99663,1,0.0,2.6441416389616092E-23
99276,5,1.0,1.0000000000000009
99276,4,2.0,2.0430994666976563
99276,3,2.0,1.9430994666976553
99276,2,0.0,1.9430994666976553
99276,1,1.0,1.6335894666976554
98949,5,43.0,18.570880337721924
98949,4,78.0,26.426353575278988
98949,3,32.0,26.426353575278988
98949,2,9.0,16.14809063746226
98949,1,34.0,21.269590337721922
97467,5,3.0,4.1001744512307186
97467,2,0.0,1.9430994666976553
96500,5,18.0,9.465966916565486
96500,4,15.0,9.465966916565486
96500,3,31.0,16.14809063746226
96500,2,20.0,16.14809063746226
96500,1,30.0,23.39235357527898
95844,5,4.0,2.0430994666976563
95844,4,4.0,3.151072977645656
95844,3,0.0,1.0000000000000009
95844,2,0.0,1.9430994666976553
95844,1,1.0,1.0000000000000009
95679,5,1.0,1.0000000000000009
95679,4,1.0,2.0430994666976563
95679,3,0.0,2.6441416389616092E-23
95679,2,0.0,1.0000000000000009
95679,1,0.0,1.0000000000000009
95234,5,15.0,7.142517333375381
95234,4,13.0,16.14809063746226
95234,3,21.0,16.14809063746226
95234,2,9.0,5.741011233375382
95234,1,8.0,4.1001744512307186
94419,5,29.0,16.14809063746226
94419,4,18.0,12.61436306405225
94419,3,18.0,7.142517333375381
94419,2,6.0,3.151072977645656
94419,1,9.0,3.151072977645656
94053,5,2.0,1.0000000000000009
94053,4,1.0,2.6441416389616092E-23
94053,3,6.0,2.0430994666976563
94053,2,8.0,1.6335894666976554
94053,1,4.0,3.151072977645656
93816,5,7.0,12.77119132176515
93816,4,7.0,7.142517333375381
93816,3,4.0,9.465966916565486
93816,2,2.0,6.802090174375382
93816,1,6.0,6.135966916565482
93519,5,8.0,6.135966916565482
93519,4,3.0,7.835966916565483
93519,3,3.0,5.741011233375382
93519,2,1.0,7.142517333375381
93519,1,1.0,2.0430994666976563
93180,5,1.0,1.9430994666976553
93180,4,1.0,1.0000000000000009
93180,3,1.0,1.0000000000000009
93180,2,0.0,1.6335894666976554
93180,1,0.0,4.1001744512307186
93168,5,1.0,2.6441416389616092E-23
93168,4,1.0,2.6441416389616092E-23
93168,3,1.0,1.0000000000000009
93168,2,0.0,2.6441416389616092E-23
93168,1,1.0,2.6441416389616092E-23
92730,5,1.0,1.6335894666976554
92730,4,8.0,2.0430994666976563
92730,3,10.0,5.741011233375382
92730,2,7.0,1.6335894666976554
92730,1,3.0,1.9430994666976553
92385,5,2.0,1.0000000000000009
92385,4,9.0,1.6335894666976554
92385,3,2.0,1.0000000000000009
92385,2,0.0,2.6441416389616092E-23
92385,1,1.0,2.6441416389616092E-23
92313,5,8.0,6.135966916565482
92313,4,12.0,1.9430994666976553
92313,3,2.0,1.6335894666976554
92313,2,2.0,1.9430994666976553
92313,1,9.0,3.151072977645656
90525,5,2.0,1.6335894666976554
90525,4,12.0,7.142517333375381
90525,3,11.0,7.142517333375381
90525,2,5.0,7.142517333375381
90525,1,8.0,3.151072977645656
90333,5,1.0,1.0000000000000009
90333,4,6.0,3.151072977645656
90333,3,1.0,1.0000000000000009
90333,2,0.0,4.1001744512307186
90333,1,0.0,1.0000000000000009
90147,5,9.0,7.142517333375381
90147,4,5.0,6.802090174375382
90147,3,15.0,7.142517333375381
90147,2,1.0,1.9430994666976553
90147,1,2.0,2.0430994666976563
89319,5,0.0,2.6441416389616092E-23
89319,4,0.0,1.6335894666976554
89319,3,51.0,57.46881782248896
89319,2,0.0,1.9430994666976553
89319,1,4.0,6.802090174375382
88971,5,1.0,2.6441416389616092E-23
88971,4,3.0,1.6335894666976554
88971,3,1.0,1.6335894666976554
88971,2,0.0,2.6441416389616092E-23
88971,1,1.0,2.6441416389616092E-23
88956,5,1.0,1.6335894666976554
88956,4,4.0,1.0000000000000009
88956,3,3.0,1.0000000000000009
88956,2,1.0,1.0000000000000009
88956,1,0.0,3.151072977645656
88883,5,17.0,30.826353575278986
88883,4,14.0,57.46881782248896
88883,3,8.0,30.826353575278986
88883,2,8.0,30.826353575278986
88883,1,7.0,30.826353575278986
88845,5,64.0,57.46881782248896
88845,4,50.0,57.46881782248896
88845,3,47.0,30.826353575278986
88845,2,33.0,30.826353575278986
88845,1,29.0,30.826353575278986
88428,5,0.0,2.6441416389616092E-23
88428,4,0.0,2.6441416389616092E-23
88428,3,6.0,7.142517333375381
88428,2,1.0,1.6335894666976554
88428,1,0.0,1.0000000000000009
87108,5,2.0,1.0000000000000009
87108,4,0.0,4.1001744512307186
87108,3,0.0,3.151072977645656
87108,2,0.0,1.0000000000000009
87108,1,0.0,2.6441416389616092E-23
86847,5,1.0,1.0000000000000009
86847,4,0.0,1.0000000000000009
86847,3,3.0,1.0000000000000009
86847,2,0.0,1.0000000000000009
86847,1,1.0,2.6441416389616092E-23
86832,5,25.0,10.374966916565485
86832,4,32.0,16.14809063746226
86832,3,87.0,50.92322301627894
86832,2,8.0,5.2071112333753815
86832,1,13.0,16.14809063746226
86448,5,2.0,1.0000000000000009
86448,4,1.0,1.9430994666976553
86448,3,3.0,2.6441416389616092E-23
86448,2,0.0,1.0000000000000009
86448,1,0.0,2.6441416389616092E-23
85473,5,2.0,1.6335894666976554
85473,4,1.0,3.151072977645656
85473,3,0.0,1.0000000000000009
85473,2,0.0,2.6441416389616092E-23
85473,1,0.0,1.0000000000000009
85407,5,2.0,1.9430994666976553
85407,4,7.0,2.0430994666976563
85407,3,6.0,1.6335894666976554
85407,2,4.0,1.6335894666976554
85407,1,12.0,5.2071112333753815
85095,5,24.0,23.39235357527898
85095,4,31.0,7.142517333375381
85095,3,28.0,6.802090174375382
85095,2,10.0,4.1001744512307186
85095,1,24.0,7.142517333375381
84708,5,6.0,5.2071112333753815
84708,4,4.0,4.1001744512307186
84708,3,12.0,12.61436306405225
84708,2,3.0,3.151072977645656
84708,1,6.0,5.741011233375382
83598,5,0.0,2.6441416389616092E-23
83598,4,2.0,1.0000000000000009
83598,3,2.0,2.6441416389616092E-23
83598,2,1.0,2.6441416389616092E-23
83598,1,0.0,2.6441416389616092E-23
82431,5,1.0,1.0000000000000009
82431,4,9.0,10.374966916565485
82431,3,6.0,5.2071112333753815
82431,2,0.0,2.6441416389616092E-23
82431,1,0.0,1.0000000000000009
82116,5,33.0,12.77119132176515
82116,4,5.0,6.802090174375382
82116,3,2.0,4.1001744512307186
82116,2,1.0,1.9430994666976553
82116,1,9.0,5.741011233375382
82026,5,5.0,5.741011233375382
82026,4,3.0,4.1001744512307186
82026,3,3.0,4.1001744512307186
82026,2,0.0,3.151072977645656
82026,1,0.0,1.6335894666976554
82002,5,1.0,1.9430994666976553
82002,4,0.0,1.9430994666976553
82002,3,2.0,1.9430994666976553
82002,2,1.0,1.0000000000000009
82002,1,3.0,2.6441416389616092E-23
81630,5,1.0,1.9430994666976553
81630,3,6.0,1.0000000000000009
81630,1,0.0,2.6441416389616092E-23
81402,5,1.0,5.2071112333753815
81402,4,2.0,5.2071112333753815
81402,3,2.0,2.0430994666976563
81402,2,0.0,3.151072977645656
81402,1,1.0,1.6335894666976554
80559,5,0.0,1.9430994666976553
80559,4,6.0,9.465966916565486
80559,3,1.0,1.6335894666976554
80559,2,0.0,2.0430994666976563
80559,1,2.0,1.0000000000000009
79920,5,0.0,1.0000000000000009
79920,4,1.0,1.6335894666976554
79920,3,0.0,2.6441416389616092E-23
79920,2,2.0,1.6335894666976554
79920,1,0.0,2.6441416389616092E-23
79284,5,1.0,2.0430994666976563
79284,4,3.0,1.0000000000000009
79284,3,0.0,2.6441416389616092E-23
79284,2,1.0,1.6335894666976554
79284,1,2.0,1.6335894666976554
79230,5,1.0,2.6441416389616092E-23
79230,4,1.0,2.6441416389616092E-23
79230,3,0.0,2.6441416389616092E-23
79230,2,0.0,2.6441416389616092E-23
79230,1,0.0,2.6441416389616092E-23
79077,3,2.0,2.6441416389616092E-23
78363,5,3.0,1.0000000000000009
78363,4,3.0,2.0430994666976563
78363,3,1.0,1.0000000000000009
78363,2,1.0,2.6441416389616092E-23
78363,1,2.0,1.6335894666976554
78360,5,1.0,2.6441416389616092E-23
78360,4,0.0,2.6441416389616092E-23
78360,3,2.0,2.6441416389616092E-23
78360,2,0.0,2.6441416389616092E-23
78360,1,0.0,2.6441416389616092E-23
78293,5,7.0,16.14809063746226
78293,4,36.0,30.826353575278986
78293,3,16.0,21.269590337721922
78293,2,6.0,21.269590337721922
78293,1,8.0,23.39235357527898
78263,5,21.0,23.39235357527898
78263,4,14.0,23.39235357527898
78263,3,17.0,15.548640309141577
78263,2,11.0,7.835966916565483
78263,1,11.0,10.374966916565485
78225,5,3.0,5.741011233375382
78225,4,0.0,1.0000000000000009
78225,3,1.0,3.151072977645656
78225,2,3.0,4.1001744512307186
78225,1,2.0,1.6335894666976554
78054,5,19.0,9.465966916565486
78054,4,8.0,2.0430994666976563
78054,3,8.0,3.151072977645656
78054,2,19.0,5.2071112333753815
78054,1,4.0,2.0430994666976563
77859,5,0.0,2.6441416389616092E-23
77859,4,1.0,1.6335894666976554
77859,3,0.0,2.6441416389616092E-23
77859,2,0.0,2.6441416389616092E-23
77859,1,0.0,2.6441416389616092E-23
77853,5,1.0,2.6441416389616092E-23
77853,4,1.0,2.0430994666976563
77853,3,3.0,5.2071112333753815
77853,2,1.0,1.9430994666976553
77853,1,1.0,1.9430994666976553
77457,5,0.0,2.6441416389616092E-23
77457,3,0.0,1.0000000000000009
77457,2,2.0,2.6441416389616092E-23
77457,1,2.0,2.6441416389616092E-23
77274,5,0.0,1.0000000000000009
77274,4,0.0,2.6441416389616092E-23
77274,3,1.0,1.0000000000000009
77274,2,1.0,1.6335894666976554
77274,1,2.0,1.9430994666976553
76995,5,0.0,2.6441416389616092E-23
76995,4,1.0,1.0000000000000009
76995,3,0.0,2.6441416389616092E-23
76995,2,0.0,2.6441416389616092E-23
76995,1,0.0,2.6441416389616092E-23
76278,5,0.0,2.6441416389616092E-23
76278,4,4.0,1.9430994666976553
76278,3,1.0,1.0000000000000009
76278,2,0.0,2.6441416389616092E-23
76278,1,0.0,2.6441416389616092E-23
76023,5,0.0,2.6441416389616092E-23
76023,4,3.0,1.6335894666976554
76023,3,2.0,1.0000000000000009
76023,2,0.0,2.6441416389616092E-23
76023,1,0.0,2.6441416389616092E-23
75423,5,21.0,21.269590337721922
75423,4,47.0,23.39235357527898
75423,3,22.0,16.14809063746226
75423,2,22.0,18.570880337721924
75423,1,19.0,16.14809063746226
75417,5,8.0,23.39235357527898
75417,4,4.0,7.835966916565483
75417,3,4.0,23.39235357527898
75417,2,3.0,7.835966916565483
75417,1,4.0,6.135966916565482
75051,5,0.0,1.0000000000000009
75051,4,2.0,2.6441416389616092E-23
75051,3,5.0,4.1001744512307186
75051,2,0.0,2.6441416389616092E-23
75051,1,1.0,1.0000000000000009
74967,5,1.0,4.1001744512307186
74967,4,7.0,5.741011233375382
74967,3,3.0,1.0000000000000009
74967,2,2.0,4.1001744512307186
74967,1,2.0,1.6335894666976554
74664,5,13.0,7.142517333375381
74664,4,5.0,3.151072977645656
74664,3,2.0,5.741011233375382
74664,2,3.0,3.151072977645656
74664,1,3.0,1.6335894666976554
74418,5,4.0,5.741011233375382
74418,4,3.0,7.142517333375381
74418,3,5.0,7.142517333375381
74418,2,2.0,7.142517333375381
74418,1,2.0,5.741011233375382
73854,5,0.0,2.6441416389616092E-23
73854,4,1.0,2.6441416389616092E-23
73854,3,1.0,1.0000000000000009
73854,2,0.0,2.6441416389616092E-23
73854,1,0.0,1.0000000000000009
73650,5,0.0,2.0430994666976563
73650,4,2.0,1.9430994666976553
73650,3,3.0,7.142517333375381
73650,2,0.0,1.6335894666976554
73650,1,1.0,2.6441416389616092E-23
73452,5,4.0,4.1001744512307186
73452,4,10.0,5.741011233375382
73452,3,8.0,7.142517333375381
73452,2,6.0,5.2071112333753815
73452,1,6.0,7.142517333375381
73410,5,0.0,1.0000000000000009
73410,4,0.0,1.0000000000000009
73410,3,6.0,4.1001744512307186
73410,2,1.0,1.0000000000000009
73410,1,1.0,1.9430994666976553
73191,4,1.0,2.6441416389616092E-23
73191,3,0.0,2.6441416389616092E-23
73191,1,0.0,2.6441416389616092E-23
73188,5,1.0,2.6441416389616092E-23
73188,4,0.0,2.6441416389616092E-23
73188,3,0.0,2.6441416389616092E-23
73188,2,1.0,2.6441416389616092E-23
72840,5,0.0,1.9430994666976553
72840,4,2.0,2.6441416389616092E-23
72840,3,0.0,2.6441416389616092E-23
72840,2,0.0,1.0000000000000009
72840,1,1.0,4.1001744512307186
72327,5,0.0,1.9430994666976553
72327,4,0.0,1.0000000000000009
72327,3,1.0,2.0430994666976563
72327,2,2.0,2.6441416389616092E-23
72327,1,1.0,2.0430994666976563
71976,5,0.0,1.9430994666976553
71976,4,1.0,2.6441416389616092E-23
71976,3,0.0,2.6441416389616092E-23
71976,2,1.0,2.6441416389616092E-23
71976,1,0.0,1.9430994666976553
70860,5,11.0,7.142517333375381
70860,4,0.0,1.6335894666976554
70860,3,0.0,2.6441416389616092E-23
70860,2,0.0,2.6441416389616092E-23
70860,1,0.0,2.6441416389616092E-23
70848,5,52.0,18.570880337721924
70848,4,10.0,4.1001744512307186
70848,3,13.0,3.151072977645656
70848,2,4.0,6.135966916565482
70848,1,13.0,16.14809063746226
70671,5,2.0,1.0000000000000009
70671,4,1.0,1.0000000000000009
70671,3,2.0,2.6441416389616092E-23
70671,2,0.0,1.0000000000000009
70671,1,2.0,1.0000000000000009
70641,5,1.0,2.6441416389616092E-23
70641,4,1.0,1.0000000000000009
70641,3,0.0,1.0000000000000009
70641,2,1.0,1.9430994666976553
70641,1,2.0,1.6335894666976554
70188,5,1.0,2.6441416389616092E-23
70188,4,0.0,1.0000000000000009
70188,3,4.0,2.6441416389616092E-23
70188,2,0.0,2.6441416389616092E-23
70188,1,1.0,2.6441416389616092E-23
70110,5,1.0,1.9430994666976553
70110,4,1.0,1.0000000000000009
70110,3,0.0,2.6441416389616092E-23
70110,2,1.0,1.0000000000000009
70110,1,1.0,1.6335894666976554
70101,5,0.0,1.0000000000000009
70101,4,1.0,2.6441416389616092E-23
70101,3,0.0,2.6441416389616092E-23
70101,2,0.0,2.6441416389616092E-23
70101,1,0.0,2.6441416389616092E-23
69339,5,1.0,1.0000000000000009
69339,4,0.0,1.0000000000000009
69339,3,1.0,4.1001744512307186
69339,2,1.0,1.0000000000000009
69045,5,56.0,57.46881782248896
69045,4,106.0,93.07733864578051
69045,3,96.0,50.92322301627894
69045,2,18.0,16.14809063746226
69045,1,48.0,23.39235357527898
69000,5,1.0,2.6441416389616092E-23
68949,5,1.0,5.2071112333753815
68949,4,2.0,5.2071112333753815
68949,3,2.0,5.741011233375382
68949,2,1.0,4.1001744512307186
68949,1,2.0,3.151072977645656
68448,5,0.0,1.0000000000000009
68448,4,0.0,2.6441416389616092E-23
68448,3,0.0,2.6441416389616092E-23
68448,2,1.0,1.0000000000000009
68448,1,0.0,2.6441416389616092E-23
68390,5,10.0,1.6335894666976554
68390,4,16.0,2.0430994666976563
68390,3,16.0,16.14809063746226
68390,2,3.0,1.0000000000000009
68390,1,24.0,5.741011233375382
68016,5,5.0,3.151072977645656
68016,4,13.0,16.14809063746226
68016,3,31.0,30.826353575278986
68016,2,14.0,12.77119132176515
68016,1,27.0,16.14809063746226
67836,5,0.0,1.0000000000000009
67836,4,1.0,2.6441416389616092E-23
67836,3,0.0,2.6441416389616092E-23
67836,2,2.0,2.6441416389616092E-23
67836,1,2.0,2.6441416389616092E-23
67158,5,4.0,1.6335894666976554
67158,4,6.0,1.0000000000000009
67158,3,4.0,2.6441416389616092E-23
67158,2,1.0,1.0000000000000009
67158,1,2.0,1.6335894666976554
66384,5,2.0,1.0000000000000009
66384,4,4.0,2.6441416389616092E-23
66384,3,3.0,1.9430994666976553
66384,2,0.0,2.6441416389616092E-23
66384,1,11.0,1.0000000000000009
66324,5,1.0,2.6441416389616092E-23
66324,4,2.0,1.0000000000000009
66324,3,1.0,1.0000000000000009
66324,2,0.0,2.6441416389616092E-23
66324,1,0.0,2.6441416389616092E-23
65559,5,0.0,1.0000000000000009
65559,4,8.0,3.151072977645656
65559,3,7.0,2.0430994666976563
65559,2,2.0,1.6335894666976554
65559,1,4.0,1.0000000000000009
65556,5,2.0,2.6441416389616092E-23
65556,4,2.0,2.0430994666976563
65556,3,3.0,2.0430994666976563
65556,2,0.0,1.0000000000000009
65556,1,2.0,1.6335894666976554
65523,5,0.0,1.6335894666976554
65523,4,0.0,2.6441416389616092E-23
65523,3,0.0,1.0000000000000009
65523,2,2.0,1.0000000000000009
65523,1,0.0,1.0000000000000009
65310,5,2.0,2.6441416389616092E-23
65310,4,0.0,2.6441416389616092E-23
65310,3,0.0,2.6441416389616092E-23
65310,1,0.0,2.6441416389616092E-23
65166,5,4.0,16.14809063746226
65166,4,14.0,16.14809063746226
65166,3,25.0,21.269590337721922
65166,2,15.0,16.14809063746226
65166,1,11.0,12.77119132176515
65157,5,1.0,2.6441416389616092E-23
65157,4,2.0,3.151072977645656
65157,3,2.0,3.151072977645656
65157,2,0.0,2.6441416389616092E-23
65157,1,2.0,3.151072977645656
63723,5,85.0,57.46881782248896
63723,4,67.0,57.46881782248896
63723,3,68.0,50.92322301627894
63723,2,68.0,30.826353575278986
63723,1,48.0,26.426353575278988
63642,5,0.0,2.6441416389616092E-23
63642,4,1.0,2.6441416389616092E-23
63642,3,1.0,2.6441416389616092E-23
63642,2,0.0,2.6441416389616092E-23
63642,1,0.0,2.6441416389616092E-23
63591,5,0.0,26.426353575278988
63591,4,1.0,23.39235357527898
63591,3,2.0,6.802090174375382
63591,2,1.0,16.14809063746226
63591,1,3.0,16.14809063746226
63396,5,0.0,1.0000000000000009
63396,4,1.0,1.6335894666976554
63396,3,1.0,1.0000000000000009
63396,2,0.0,2.6441416389616092E-23
63396,1,0.0,2.6441416389616092E-23
61833,5,0.0,2.6441416389616092E-23
61833,4,1.0,2.6441416389616092E-23
61833,3,0.0,2.6441416389616092E-23
61833,2,0.0,2.6441416389616092E-23
61833,1,0.0,2.6441416389616092E-23
61656,5,0.0,2.6441416389616092E-23
61656,4,2.0,2.0430994666976563
61656,3,2.0,5.2071112333753815
61656,2,1.0,2.6441416389616092E-23
61656,1,0.0,1.9430994666976553
61605,5,0.0,1.0000000000000009
61605,4,0.0,2.6441416389616092E-23
61605,3,1.0,2.6441416389616092E-23
61605,1,1.0,2.6441416389616092E-23
61221,5,0.0,1.0000000000000009
61221,4,2.0,1.9430994666976553
61221,3,1.0,1.9430994666976553
61221,2,0.0,2.6441416389616092E-23
61221,1,0.0,1.0000000000000009
60711,5,0.0,2.6441416389616092E-23
60711,4,4.0,1.0000000000000009
60711,3,0.0,2.6441416389616092E-23
60711,2,0.0,2.6441416389616092E-23
60711,1,1.0,2.6441416389616092E-23
60471,5,3.0,2.0430994666976563
60471,4,4.0,1.6335894666976554
60471,3,1.0,1.9430994666976553
60471,2,1.0,1.0000000000000009
60471,1,0.0,2.0430994666976563
60429,5,23.0,5.741011233375382
60429,4,9.0,7.142517333375381
60429,3,6.0,3.151072977645656
60429,2,7.0,4.1001744512307186
60429,1,5.0,2.0430994666976563
60399,5,2.0,6.135966916565482
60399,4,9.0,30.826353575278986
60399,3,5.0,12.77119132176515
60399,2,3.0,6.802090174375382
60399,1,2.0,15.548640309141577
60051,5,1.0,2.6441416389616092E-23
60051,4,2.0,1.0000000000000009
60051,3,1.0,1.0000000000000009
60051,2,1.0,2.6441416389616092E-23
60051,1,0.0,2.6441416389616092E-23
59070,5,6.0,9.465966916565486
59070,4,2.0,2.0430994666976563
59070,3,2.0,5.741011233375382
59070,2,10.0,3.151072977645656
59070,1,2.0,3.151072977645656
58884,5,0.0,2.0430994666976563
58884,4,2.0,1.6335894666976554
58884,3,10.0,7.835966916565483
58884,2,0.0,5.2071112333753815
58884,1,2.0,1.6335894666976554
58473,5,2.0,1.0000000000000009
58473,4,0.0,1.0000000000000009
58473,3,0.0,2.6441416389616092E-23
58473,2,0.0,2.6441416389616092E-23
58473,1,0.0,2.6441416389616092E-23
58443,5,0.0,1.0000000000000009
58443,4,0.0,1.0000000000000009
58443,3,3.0,5.2071112333753815
58443,2,0.0,2.6441416389616092E-23
58443,1,0.0,2.6441416389616092E-23
58410,5,0.0,2.6441416389616092E-23
58410,4,0.0,2.6441416389616092E-23
58410,3,3.0,4.1001744512307186
58410,2,0.0,2.6441416389616092E-23
58410,1,0.0,2.6441416389616092E-23
58293,5,6.0,9.465966916565486
58293,4,4.0,7.142517333375381
58293,3,4.0,1.6335894666976554
58293,2,10.0,7.835966916565483
58293,1,4.0,5.741011233375382
57956,5,5.0,2.0430994666976563
57956,4,11.0,9.465966916565486
57956,3,23.0,23.39235357527898
57956,2,6.0,1.9430994666976553
57956,1,5.0,6.135966916565482
57897,5,1.0,1.6335894666976554
57897,4,1.0,1.9430994666976553
57897,3,3.0,2.6441416389616092E-23
57897,2,0.0,2.6441416389616092E-23
57897,1,8.0,1.0000000000000009
56865,5,0.0,2.6441416389616092E-23
56865,4,1.0,2.6441416389616092E-23
56865,3,1.0,2.0430994666976563
56865,2,0.0,2.6441416389616092E-23
56865,1,0.0,2.6441416389616092E-23
56445,5,1.0,1.0000000000000009
56445,4,2.0,1.0000000000000009
56445,3,1.0,1.0000000000000009
56445,2,1.0,2.6441416389616092E-23
56445,1,0.0,2.6441416389616092E-23
56166,5,0.0,2.6441416389616092E-23
56166,4,0.0,1.6335894666976554
56166,3,0.0,1.0000000000000009
56166,2,0.0,2.6441416389616092E-23
56166,1,5.0,1.0000000000000009
55916,5,219.0,127.7457334441803
55916,4,340.0,339.9999999999998
55916,3,183.0,123.07390765734641
55916,2,94.0,93.07733864578051
55916,1,149.0,91.08163683681778
55752,5,3.0,2.6441416389616092E-23
55752,4,2.0,2.6441416389616092E-23
55752,3,2.0,1.9430994666976553
55752,2,0.0,2.6441416389616092E-23
55752,1,2.0,2.6441416389616092E-23
55656,5,3.0,5.741011233375382
55656,4,3.0,1.9430994666976553
55656,3,1.0,1.9430994666976553
55656,2,1.0,2.0430994666976563
55656,1,0.0,5.2071112333753815
55545,5,6.0,1.9430994666976553
55545,4,4.0,1.9430994666976553
55545,3,11.0,5.2071112333753815
55545,2,0.0,4.1001744512307186
55545,1,1.0,1.9430994666976553
55134,5,0.0,2.6441416389616092E-23
55134,4,1.0,2.6441416389616092E-23
55134,3,0.0,2.6441416389616092E-23
55134,2,0.0,2.6441416389616092E-23
54777,5,1.0,4.1001744512307186
54777,4,3.0,1.6335894666976554
54777,3,2.0,1.0000000000000009
54777,2,2.0,1.9430994666976553
54777,1,1.0,1.6335894666976554
54453,3,1.0,2.6441416389616092E-23
54453,2,1.0,2.6441416389616092E-23
52863,5,0.0,2.6441416389616092E-23
52863,4,2.0,1.0000000000000009
52863,3,2.0,2.6441416389616092E-23
52863,2,0.0,2.6441416389616092E-23
52863,1,0.0,1.0000000000000009
52857,5,1.0,2.6441416389616092E-23
52857,4,0.0,2.6441416389616092E-23
52857,3,2.0,1.6335894666976554
52857,2,1.0,2.6441416389616092E-23
52857,1,0.0,2.6441416389616092E-23
52731,5,0.0,2.6441416389616092E-23
52731,4,1.0,2.6441416389616092E-23
52731,3,3.0,2.6441416389616092E-23
52731,2,0.0,2.6441416389616092E-23
52731,1,0.0,2.6441416389616092E-23
52038,5,2.0,7.142517333375381
52038,4,1.0,1.6335894666976554
52038,3,0.0,2.0430994666976563
52038,2,4.0,3.151072977645656
52038,1,0.0,1.6335894666976554
51963,5,1.0,2.6441416389616092E-23
51963,4,0.0,2.6441416389616092E-23
51963,3,0.0,2.6441416389616092E-23
51963,2,1.0,2.6441416389616092E-23
51963,1,0.0,2.6441416389616092E-23
51387,5,1.0,2.6441416389616092E-23
51387,4,0.0,2.6441416389616092E-23
51387,3,9.0,1.6335894666976554
51387,1,0.0,1.9430994666976553
50742,5,5.0,7.142517333375381
50742,4,3.0,1.0000000000000009
50742,3,0.0,2.0430994666976563
50742,2,2.0,5.741011233375382
50742,1,2.0,1.9430994666976553
50349,5,6.0,1.0000000000000009
50349,4,4.0,1.9430994666976553
50349,3,5.0,1.0000000000000009
50349,2,6.0,3.151072977645656
50349,1,2.0,1.0000000000000009
49836,5,1.0,2.6441416389616092E-23
49836,4,1.0,1.0000000000000009
49836,3,1.0,2.6441416389616092E-23
49836,2,0.0,2.6441416389616092E-23
49836,1,0.0,2.6441416389616092E-23
49611,5,1.0,1.0000000000000009
49611,4,4.0,1.0000000000000009
49611,3,0.0,2.6441416389616092E-23
49611,2,0.0,1.0000000000000009
49611,1,0.0,2.6441416389616092E-23
49560,5,5.0,7.142517333375381
49560,4,2.0,1.9430994666976553
49560,3,3.0,1.6335894666976554
49560,2,1.0,1.6335894666976554
49560,1,1.0,2.6441416389616092E-23
49239,5,1.0,1.0000000000000009
49239,4,0.0,2.6441416389616092E-23
49239,3,2.0,1.0000000000000009
49239,2,1.0,2.6441416389616092E-23
49239,1,2.0,1.0000000000000009
48618,5,0.0,1.0000000000000009
48618,4,1.0,1.6335894666976554
48618,3,1.0,1.6335894666976554
48618,2,1.0,1.0000000000000009
48618,1,0.0,1.0000000000000009
48543,5,0.0,2.6441416389616092E-23
48543,4,1.0,1.9430994666976553
48543,3,2.0,1.9430994666976553
48543,2,3.0,2.6441416389616092E-23
48543,1,0.0,2.6441416389616092E-23
48384,5,2.0,1.6335894666976554
48384,4,2.0,1.0000000000000009
48384,3,0.0,1.0000000000000009
48384,2,1.0,1.0000000000000009
48384,1,2.0,1.0000000000000009
46809,5,6.0,7.142517333375381
46809,4,3.0,2.0430994666976563
46809,3,2.0,5.2071112333753815
46809,2,0.0,3.151072977645656
46809,1,2.0,3.151072977645656
46800,5,0.0,1.0000000000000009
46800,4,0.0,2.6441416389616092E-23
46800,3,0.0,1.6335894666976554
46800,2,1.0,1.6335894666976554
46800,1,0.0,2.6441416389616092E-23
46059,5,2.0,2.6441416389616092E-23
46059,4,9.0,16.14809063746226
46059,3,1.0,2.6441416389616092E-23
46059,2,0.0,2.6441416389616092E-23
46059,1,3.0,2.6441416389616092E-23
45852,5,1.0,2.6441416389616092E-23
45852,4,1.0,2.6441416389616092E-23
45852,3,1.0,2.6441416389616092E-23
45804,5,1.0,2.6441416389616092E-23
44751,5,1.0,1.0000000000000009
44751,4,0.0,1.9430994666976553
44751,3,2.0,1.0000000000000009
44751,2,2.0,1.9430994666976553
44751,1,0.0,1.0000000000000009
44325,5,0.0,1.0000000000000009
44325,4,2.0,5.741011233375382
44325,3,9.0,9.465966916565486
44325,2,6.0,1.9430994666976553
44325,1,3.0,1.9430994666976553
43986,5,0.0,2.6441416389616092E-23
43986,4,1.0,2.6441416389616092E-23
43986,3,0.0,2.6441416389616092E-23
43986,2,0.0,2.6441416389616092E-23
43986,1,0.0,2.6441416389616092E-23
43719,5,1.0,1.0000000000000009
43719,3,1.0,1.0000000000000009
43719,2,1.0,2.6441416389616092E-23
42786,5,2.0,2.6441416389616092E-23
42786,4,0.0,2.6441416389616092E-23
42786,3,0.0,1.0000000000000009
42786,2,2.0,2.6441416389616092E-23
42786,1,0.0,1.0000000000000009
42654,5,6.0,3.151072977645656
42654,4,2.0,10.374966916565485
42654,3,1.0,3.151072977645656
42654,2,1.0,2.0430994666976563
42654,1,1.0,2.0430994666976563
42645,5,0.0,1.9430994666976553
42645,4,0.0,1.9430994666976553
42645,3,1.0,4.1001744512307186
42645,2,2.0,2.6441416389616092E-23
42645,1,2.0,1.9430994666976553
42425,5,5.0,3.151072977645656
42425,4,13.0,1.9430994666976553
42425,3,6.0,4.1001744512307186
42425,2,7.0,2.0430994666976563
42425,1,9.0,3.151072977645656
41814,5,1.0,4.1001744512307186
41814,4,1.0,1.0000000000000009
41814,3,3.0,2.0430994666976563
41814,2,0.0,2.6441416389616092E-23
41814,1,0.0,1.9430994666976553
41322,5,0.0,1.0000000000000009
41322,4,2.0,1.0000000000000009
41322,3,0.0,1.0000000000000009
41322,2,0.0,2.6441416389616092E-23
41322,1,1.0,2.6441416389616092E-23
41067,5,3.0,2.0430994666976563
41067,4,15.0,6.135966916565482
41067,3,31.0,21.269590337721922
41067,2,6.0,5.2071112333753815
41067,1,8.0,5.741011233375382
40842,5,2.0,2.6441416389616092E-23
40842,4,0.0,2.6441416389616092E-23
40842,3,0.0,5.741011233375382
40842,2,0.0,2.6441416389616092E-23
40842,1,1.0,2.6441416389616092E-23
40722,5,11.0,4.1001744512307186
40722,4,16.0,7.142517333375381
40722,3,13.0,7.142517333375381
40722,2,5.0,5.741011233375382
40722,1,4.0,3.151072977645656
40707,5,0.0,2.6441416389616092E-23
40707,4,2.0,2.0430994666976563
40707,3,0.0,1.0000000000000009
40707,2,0.0,2.6441416389616092E-23
40707,1,0.0,2.6441416389616092E-23
39806,5,485.0,484.9999999999998
39806,4,192.0,192.6574844470808
39806,3,167.0,156.61052910312125
39806,2,240.0,205.66548444708084
39806,1,156.0,156.61052910312125
39306,5,0.0,2.6441416389616092E-23
39306,4,2.0,1.0000000000000009
39306,3,1.0,1.6335894666976554
39306,2,0.0,1.0000000000000009
39306,1,0.0,2.6441416389616092E-23
39221,5,57.0,66.05674492248895
39221,4,52.0,57.46881782248896
39221,3,98.0,57.46881782248896
39221,2,47.0,50.92322301627894
39221,1,39.0,57.46881782248896
39162,5,3.0,1.6335894666976554
39162,4,2.0,1.6335894666976554
39162,3,1.0,2.0430994666976563
39162,2,2.0,2.0430994666976563
39162,1,1.0,2.0430994666976563
39141,5,0.0,1.9430994666976553
39141,4,1.0,1.0000000000000009
39141,3,0.0,1.0000000000000009
39141,2,0.0,2.6441416389616092E-23
39141,1,0.0,1.9430994666976553
38751,5,8.0,1.6335894666976554
38751,4,6.0,2.0430994666976563
38751,3,9.0,3.151072977645656
38751,2,5.0,1.0000000000000009
38751,1,9.0,1.9430994666976553
38655,5,5.0,2.0430994666976563
38655,4,3.0,5.2071112333753815
38655,3,2.0,3.151072977645656
38655,2,1.0,1.0000000000000009
38655,1,1.0,2.6441416389616092E-23
38646,5,0.0,2.6441416389616092E-23
38646,4,0.0,1.6335894666976554
38646,3,3.0,3.151072977645656
38646,2,1.0,1.0000000000000009
38646,1,3.0,1.6335894666976554
38430,5,1.0,2.6441416389616092E-23
38430,4,3.0,1.0000000000000009
38430,3,0.0,2.0430994666976563
38430,2,1.0,1.0000000000000009
38430,1,0.0,2.6441416389616092E-23
38238,5,1.0,1.0000000000000009
38238,4,1.0,1.6335894666976554
38238,3,0.0,2.6441416389616092E-23
38238,2,0.0,2.6441416389616092E-23
38238,1,1.0,2.6441416389616092E-23
37701,4,0.0,2.6441416389616092E-23
37701,3,1.0,1.6335894666976554
37701,2,1.0,2.6441416389616092E-23
37701,1,1.0,1.0000000000000009
37419,5,1.0,5.2071112333753815
37419,4,0.0,1.6335894666976554
37419,3,1.0,2.6441416389616092E-23
37419,2,2.0,2.6441416389616092E-23
37419,1,2.0,3.151072977645656
37404,5,8.0,4.1001744512307186
37404,4,13.0,16.14809063746226
37404,3,9.0,16.14809063746226
37404,2,1.0,2.6441416389616092E-23
37404,1,0.0,2.6441416389616092E-23
37398,5,1.0,1.6335894666976554
37398,4,1.0,1.0000000000000009
37398,3,1.0,2.6441416389616092E-23
37398,2,0.0,1.6335894666976554
37398,1,0.0,1.9430994666976553
37359,5,0.0,1.0000000000000009
37359,4,1.0,2.6441416389616092E-23
36663,5,0.0,1.6335894666976554
36663,4,6.0,2.6441416389616092E-23
36663,3,0.0,2.6441416389616092E-23
36663,2,0.0,1.0000000000000009
36663,1,1.0,2.6441416389616092E-23
36132,5,4.0,1.6335894666976554
36132,4,1.0,1.0000000000000009
36132,3,0.0,1.0000000000000009
36132,2,0.0,1.6335894666976554
36132,1,0.0,1.0000000000000009
35277,5,1.0,1.6335894666976554
35277,4,2.0,1.6335894666976554
35277,3,2.0,1.9430994666976553
35277,2,0.0,2.6441416389616092E-23
35277,1,0.0,1.6335894666976554
35178,5,0.0,1.0000000000000009
35178,4,2.0,2.6441416389616092E-23
35178,3,0.0,1.0000000000000009
35178,2,0.0,2.6441416389616092E-23
35178,1,0.0,2.6441416389616092E-23
34857,5,5.0,2.6441416389616092E-23
34857,4,6.0,1.6335894666976554
34857,3,13.0,5.741011233375382
34857,2,0.0,1.6335894666976554
34857,1,0.0,2.0430994666976563
34827,5,1.0,2.6441416389616092E-23
34827,4,3.0,1.9430994666976553
34827,3,1.0,2.6441416389616092E-23
34827,2,0.0,1.0000000000000009
34827,1,1.0,1.0000000000000009
34818,5,0.0,1.6335894666976554
34818,4,1.0,2.6441416389616092E-23
34818,3,0.0,2.6441416389616092E-23
34818,2,1.0,1.0000000000000009
34818,1,0.0,2.6441416389616092E-23
34752,5,1.0,1.6335894666976554
34752,4,5.0,7.142517333375381
34752,3,29.0,16.14809063746226
34752,2,1.0,2.6441416389616092E-23
34752,1,6.0,5.2071112333753815
34659,5,1.0,2.0430994666976563
34659,4,1.0,4.1001744512307186
34659,3,1.0,5.2071112333753815
34659,2,2.0,5.741011233375382
34659,1,4.0,1.9430994666976553
34296,4,1.0,2.6441416389616092E-23
34092,5,1.0,1.0000000000000009
34092,4,0.0,1.9430994666976553
34092,3,5.0,1.6335894666976554
34092,2,2.0,2.6441416389616092E-23
34092,1,0.0,2.6441416389616092E-23
33141,5,0.0,2.6441416389616092E-23
33141,4,2.0,2.6441416389616092E-23
33141,3,2.0,1.0000000000000009
33141,2,0.0,1.0000000000000009
33141,1,0.0,1.6335894666976554
33114,5,0.0,2.6441416389616092E-23
33114,4,0.0,2.6441416389616092E-23
33114,3,23.0,16.14809063746226
33114,2,0.0,1.0000000000000009
33114,1,3.0,1.6335894666976554
32097,5,3.0,1.9430994666976553
32097,4,1.0,1.0000000000000009
32097,3,5.0,5.741011233375382
32097,2,1.0,1.0000000000000009
32097,1,1.0,1.9430994666976553
32084,5,24.0,26.426353575278988
32084,4,40.0,23.39235357527898
32084,3,37.0,46.902945965278946
32084,2,63.0,23.39235357527898
32084,1,42.0,30.826353575278986
31932,5,0.0,2.6441416389616092E-23
31932,4,0.0,2.6441416389616092E-23
31932,3,2.0,2.6441416389616092E-23
31932,2,0.0,2.6441416389616092E-23
31932,1,1.0,2.6441416389616092E-23
31848,5,2.0,2.6441416389616092E-23
31848,4,2.0,2.6441416389616092E-23
31848,3,0.0,2.6441416389616092E-23
31848,2,0.0,2.6441416389616092E-23
31848,1,0.0,1.0000000000000009
30828,5,0.0,5.741011233375382
30828,4,1.0,5.741011233375382
30828,3,0.0,6.135966916565482
30600,5,14.0,26.426353575278988
30600,4,6.0,16.14809063746226
30600,3,8.0,18.570880337721924
30600,2,8.0,16.14809063746226
30600,1,9.0,7.142517333375381
30000,5,0.0,2.6441416389616092E-23
30000,4,1.0,2.6441416389616092E-23
30000,3,0.0,2.6441416389616092E-23
30000,2,0.0,2.6441416389616092E-23
30000,1,1.0,2.6441416389616092E-23
29772,5,6.0,4.1001744512307186
29772,4,2.0,2.0430994666976563
29772,3,3.0,3.151072977645656
29772,2,6.0,9.465966916565486
29772,1,9.0,1.6335894666976554
29678,5,25.0,26.426353575278988
29678,4,5.0,9.465966916565486
29678,3,12.0,16.14809063746226
29678,2,10.0,16.14809063746226
29678,1,6.0,4.1001744512307186
29309,5,65.0,26.426353575278988
29309,4,94.0,50.92322301627894
29309,3,184.0,93.07733864578051
29309,2,62.0,30.826353575278986
29309,1,67.0,26.426353575278988
29160,5,1.0,1.6335894666976554
29160,4,1.0,1.0000000000000009
29160,3,0.0,1.0000000000000009
29160,2,0.0,1.6335894666976554
29160,1,0.0,1.0000000000000009
28128,5,3.0,2.0430994666976563
28128,4,2.0,1.6335894666976554
28128,3,2.0,1.6335894666976554
28128,2,0.0,1.0000000000000009
28128,1,1.0,1.6335894666976554
27624,5,1.0,1.0000000000000009
27624,4,2.0,1.9430994666976553
27624,3,6.0,7.142517333375381
27624,2,0.0,1.0000000000000009
27624,1,0.0,1.0000000000000009
26877,5,2.0,1.6335894666976554
26877,4,3.0,1.6335894666976554
26877,3,0.0,2.6441416389616092E-23
26877,2,0.0,1.6335894666976554
26877,1,1.0,1.9430994666976553
25788,5,0.0,1.0000000000000009
25788,4,1.0,1.0000000000000009
25788,3,1.0,2.6441416389616092E-23
25788,2,0.0,1.0000000000000009
25788,1,0.0,2.6441416389616092E-23
24348,5,2.0,1.0000000000000009
24348,4,0.0,1.6335894666976554
24348,3,0.0,1.0000000000000009
24348,2,0.0,2.6441416389616092E-23
24348,1,0.0,2.0430994666976563
23928,5,0.0,2.6441416389616092E-23
23928,4,2.0,2.6441416389616092E-23
23928,3,2.0,2.6441416389616092E-23
23928,2,0.0,2.6441416389616092E-23
23928,1,0.0,2.6441416389616092E-23
23697,5,3.0,2.6441416389616092E-23
23697,4,0.0,2.6441416389616092E-23
23697,3,0.0,1.6335894666976554
23697,2,2.0,1.0000000000000009
23697,1,1.0,2.6441416389616092E-23
20301,5,5.0,1.9430994666976553
20301,4,2.0,3.151072977645656
20301,3,0.0,1.0000000000000009
20301,2,0.0,1.0000000000000009
20301,1,0.0,2.6441416389616092E-23
20256,5,5.0,5.741011233375382
20256,4,4.0,4.1001744512307186
20256,2,2.0,2.0430994666976563
19800,5,1.0,1.9430994666976553
19800,4,1.0,1.0000000000000009
19800,3,0.0,2.6441416389616092E-23
19800,2,1.0,1.0000000000000009
19800,1,1.0,1.6335894666976554
19713,5,1.0,1.0000000000000009
19713,4,0.0,1.0000000000000009
19713,3,0.0,1.6335894666976554
19713,2,0.0,1.9430994666976553
19713,1,2.0,1.9430994666976553
18527,5,3.0,2.0430994666976563
18527,4,11.0,3.151072977645656
18527,3,19.0,20.013921134722736
18527,2,4.0,5.741011233375382
18527,1,6.0,7.142517333375381
17829,5,0.0,1.0000000000000009
17829,4,0.0,2.6441416389616092E-23
17829,3,1.0,2.6441416389616092E-23
17829,2,0.0,2.6441416389616092E-23
17829,1,1.0,2.6441416389616092E-23
17700,5,0.0,1.6335894666976554
17700,4,1.0,1.0000000000000009
17700,3,1.0,2.6441416389616092E-23
17700,2,1.0,1.9430994666976553
17700,1,2.0,2.6441416389616092E-23
17449,5,16.0,16.14809063746226
17449,4,36.0,21.269590337721922
17449,3,98.0,93.07733864578051
17449,2,8.0,16.14809063746226
17449,1,10.0,7.142517333375381
17372,5,32.0,4.1001744512307186
17372,4,46.0,5.741011233375382
17372,3,84.0,5.741011233375382
17372,2,27.0,5.741011233375382
17372,1,36.0,3.151072977645656
16350,5,0.0,1.0000000000000009
16350,4,4.0,7.142517333375381
16350,3,1.0,2.6441416389616092E-23
16350,2,0.0,1.9430994666976553
16350,1,1.0,1.6335894666976554
16101,5,1.0,1.9430994666976553
16101,4,0.0,1.0000000000000009
16101,3,0.0,1.0000000000000009
16101,2,0.0,1.6335894666976554
16101,1,0.0,2.6441416389616092E-23
15837,5,0.0,2.6441416389616092E-23
15837,4,4.0,1.0000000000000009
15837,3,0.0,2.0430994666976563
15837,2,0.0,2.6441416389616092E-23
15837,1,1.0,1.0000000000000009
15750,5,2.0,3.151072977645656
15750,4,3.0,1.0000000000000009
15750,3,0.0,1.6335894666976554
15750,2,3.0,5.741011233375382
15750,1,1.0,1.0000000000000009
15450,4,0.0,2.6441416389616092E-23
15450,3,3.0,1.6335894666976554
15450,2,0.0,1.0000000000000009
15450,1,0.0,2.6441416389616092E-23
14106,5,0.0,2.6441416389616092E-23
14106,4,0.0,5.741011233375382
14106,3,18.0,5.2071112333753815
14106,2,1.0,2.6441416389616092E-23
14106,1,1.0,1.6335894666976554
14064,5,0.0,2.6441416389616092E-23
14064,4,2.0,1.6335894666976554
14064,3,1.0,1.9430994666976553
14064,2,0.0,1.0000000000000009
14064,1,0.0,1.0000000000000009
12648,5,0.0,2.6441416389616092E-23
12648,4,0.0,1.9430994666976553
12648,3,1.0,1.0000000000000009
12648,2,1.0,2.6441416389616092E-23
12648,1,0.0,2.6441416389616092E-23
12372,5,5.0,4.1001744512307186
12372,4,5.0,3.151072977645656
12372,3,6.0,1.9430994666976553
12372,2,0.0,2.6441416389616092E-23
12372,1,3.0,3.151072977645656
11277,5,2.0,1.0000000000000009
11277,4,1.0,1.0000000000000009
11277,3,3.0,1.9430994666976553
11277,2,0.0,1.0000000000000009
11277,1,0.0,1.0000000000000009
10989,5,2.0,1.6335894666976554
10989,4,0.0,2.6441416389616092E-23
10989,3,6.0,5.741011233375382
10989,2,0.0,2.6441416389616092E-23
10989,1,0.0,1.0000000000000009
10980,5,1.0,2.6441416389616092E-23
10980,4,1.0,2.6441416389616092E-23
10980,3,0.0,2.6441416389616092E-23
10908,5,0.0,2.6441416389616092E-23
10908,4,2.0,2.6441416389616092E-23
10908,3,1.0,1.0000000000000009
10908,1,1.0,2.6441416389616092E-23
10902,5,3.0,4.1001744512307186
10902,4,1.0,1.9430994666976553
10902,3,6.0,1.9430994666976553
10902,2,2.0,3.151072977645656
10902,1,4.0,4.1001744512307186
10827,5,0.0,2.6441416389616092E-23
10827,4,0.0,2.6441416389616092E-23
10827,3,0.0,1.6335894666976554
10827,2,1.0,2.6441416389616092E-23
10827,1,0.0,2.6441416389616092E-23
10044,5,12.0,6.802090174375382
10044,4,22.0,16.14809063746226
10044,3,11.0,5.741011233375382
10044,2,20.0,7.142517333375381
10044,1,7.0,5.741011233375382
9801,5,2.0,1.9430994666976553
9801,4,6.0,1.6335894666976554
9801,3,9.0,6.802090174375382
9801,2,1.0,5.2071112333753815
9801,1,2.0,1.9430994666976553
9699,5,5.0,6.802090174375382
9699,4,3.0,2.0430994666976563
9699,3,2.0,1.0000000000000009
9699,2,0.0,2.6441416389616092E-23
9699,1,6.0,2.0430994666976563
9636,5,3.0,7.142517333375381
9636,4,35.0,1.0000000000000009
9636,3,2.0,1.6335894666976554
9636,2,2.0,1.0000000000000009
9636,1,2.0,1.6335894666976554
9615,5,0.0,1.0000000000000009
9615,4,0.0,2.6441416389616092E-23
9615,3,1.0,2.6441416389616092E-23
9615,2,2.0,2.6441416389616092E-23
9615,1,0.0,1.0000000000000009
8862,5,3.0,1.9430994666976553
8862,4,5.0,1.9430994666976553
8862,3,1.0,2.6441416389616092E-23
8862,2,1.0,1.0000000000000009
8862,1,1.0,2.6441416389616092E-23
8532,5,6.0,7.142517333375381
8532,4,1.0,3.151072977645656
8532,3,2.0,3.151072977645656
8532,2,5.0,3.151072977645656
8532,1,4.0,5.741011233375382
8523,5,0.0,1.0000000000000009
8523,4,0.0,1.6335894666976554
8523,3,1.0,1.0000000000000009
8523,2,0.0,1.0000000000000009
8523,1,0.0,1.6335894666976554
8460,5,1.0,1.0000000000000009
8460,4,3.0,1.9430994666976553
8460,3,1.0,2.6441416389616092E-23
8460,2,0.0,1.0000000000000009
8460,1,0.0,2.0430994666976563
8175,5,5.0,2.0430994666976563
8175,4,5.0,4.1001744512307186
8175,3,2.0,2.6441416389616092E-23
8175,2,2.0,1.6335894666976554
8175,1,2.0,1.9430994666976553
7350,5,3.0,2.6441416389616092E-23
7350,4,1.0,2.6441416389616092E-23
7350,3,0.0,2.6441416389616092E-23
7350,2,0.0,2.6441416389616092E-23
7350,1,0.0,2.6441416389616092E-23
6528,5,6.0,3.151072977645656
6528,4,4.0,1.9430994666976553
6528,3,1.0,2.0430994666976563
6528,1,0.0,1.0000000000000009
5946,5,0.0,2.6441416389616092E-23
5946,4,0.0,2.6441416389616092E-23
5946,3,1.0,2.6441416389616092E-23
5946,2,1.0,2.6441416389616092E-23
5946,1,1.0,1.6335894666976554
5586,5,1.0,2.6441416389616092E-23
5586,4,0.0,1.6335894666976554
5586,3,1.0,2.6441416389616092E-23
5586,2,1.0,2.6441416389616092E-23
5586,1,0.0,2.6441416389616092E-23
5259,5,1.0,1.0000000000000009
5259,4,1.0,1.0000000000000009
5259,3,0.0,1.0000000000000009
5259,2,0.0,2.6441416389616092E-23
5259,1,0.0,2.6441416389616092E-23
4969,5,9.0,5.741011233375382
4969,4,5.0,12.61436306405225
4969,3,17.0,16.14809063746226
4969,2,8.0,16.14809063746226
4969,1,15.0,9.465966916565486
3424,5,204.0,205.66548444708084
3424,4,128.0,127.7457334441803
3424,3,107.0,127.7457334441803
3424,2,135.0,135.78561713881206
3424,1,144.0,143.93250921473364
3346,5,7.0,1.0000000000000009
3346,4,16.0,1.9430994666976553
3346,3,17.0,5.741011233375382
3346,2,2.0,2.6441416389616092E-23
3346,1,5.0,5.2071112333753815
2901,5,1.0,1.0000000000000009
2901,4,2.0,2.6441416389616092E-23
2901,3,1.0,1.0000000000000009
2901,2,0.0,2.6441416389616092E-23
2901,1,0.0,2.6441416389616092E-23
1968,5,2.0,2.0430994666976563
1968,4,4.0,2.0430994666976563
1968,3,4.0,2.6441416389616092E-23
1968,2,1.0,1.9430994666976553
1968,1,2.0,1.0000000000000009
1953,5,1.0,1.0000000000000009
1953,4,3.0,1.0000000000000009
1953,3,0.0,2.6441416389616092E-23
1953,2,0.0,2.6441416389616092E-23
1953,1,3.0,1.9430994666976553
1566,5,2.0,2.0430994666976563
1566,4,19.0,5.741011233375382
1566,3,23.0,22.999999999999986
1566,2,6.0,5.741011233375382
1566,1,8.0,5.741011233375382
1554,5,1.0,2.6441416389616092E-23
1554,4,0.0,2.6441416389616092E-23
1554,3,0.0,1.0000000000000009
1554,2,0.0,1.0000000000000009
1554,1,0.0,2.6441416389616092E-23
132,3,1.0,1.0000000000000009
132,2,1.0,1.0000000000000009
132,1,0.0,2.6441416389616092E-23
33,5,1.0,1.0000000000000009
33,4,4.0,1.6335894666976554
33,3,0.0,2.6441416389616092E-23
