1053,1,0.0,1.0000000000000009
164596,5,16.0,2.910000000000002
164596,4,32.0,3.0000000000000018
164596,3,17.0,2.910000000000002
164596,2,3.0,8.7363276768046
164596,1,24.0,3.0000000000000018
160930,5,4.0,5.817165763129381
160930,4,23.0,10.200845228532714
160930,3,11.0,2.910000000000002
160930,2,15.0,8.7363276768046
160930,1,11.0,8.7363276768046
158227,5,8.0,3.0000000000000018
158227,4,43.0,10.200845228532714
158227,1,44.0,19.12832983589474
155200,5,19.0,14.707674461850047
155200,4,40.0,33.73264253673702
155200,3,20.0,9.087820235389504
155200,2,11.0,10.200845228532714
155200,1,11.0,14.707674461850047
154270,5,148.0,91.73740276166342
154270,4,70.0,60.06208068929659
154270,3,38.0,51.11922161602445
154270,2,73.0,33.73264253673702
154270,1,63.0,83.10338068929664
153895,5,29.0,37.001350121437014
153895,4,23.0,35.41814241069761
153895,3,22.0,31.888450121436996
153895,2,8.0,6.580932963129383
153895,1,17.0,31.888450121436996
152269,5,5.0,3.0000000000000018
152269,4,24.0,33.73264253673702
152269,3,14.0,10.200845228532714
152269,2,12.0,20.762813201898837
152269,1,5.0,14.707674461850047
151268,5,12.0,3.0000000000000018
151268,4,15.0,14.707674461850047
151268,3,40.0,27.090305215111286
151268,2,10.0,3.0000000000000018
151268,1,25.0,9.228615676804598
149996,5,19.0,20.762813201898837
149996,4,22.0,20.762813201898837
149996,3,15.0,20.762813201898837
149996,2,8.0,10.200845228532714
149996,1,14.0,20.762813201898837
149632,5,10.0,5.520939616429381
149632,4,10.0,6.580932963129383
149632,3,12.0,8.7363276768046
149632,2,8.0,3.4832010834293854
149632,1,12.0,14.707674461850047
144874,5,0.0,1.0000000000000009
144874,4,2.0,1.0000000000000009
144874,3,1.0,2.729000000000002
144874,2,122.0,122.00000000000006
144874,1,3.0,3.0000000000000018
140237,5,4.0,5.817165763129381
140237,4,8.0,3.0000000000000018
140237,3,18.0,14.707674461850047
140237,2,3.0,2.910000000000002
140237,1,7.0,6.580932963129383
139552,5,12.0,14.707674461850047
139552,4,66.0,33.73264253673702
139552,3,15.0,14.707674461850047
139552,2,21.0,9.087820235389504
139552,1,29.0,27.090305215111286
137158,5,2.0,3.0000000000000018
137158,4,10.0,8.7363276768046
137158,3,24.0,14.707674461850047
137158,2,2.0,2.910000000000002
137158,1,10.0,8.7363276768046
133747,5,2.0,3.0000000000000018
133747,4,5.0,2.910000000000002
133747,3,13.0,19.12832983589474
133747,2,1.0,3.0000000000000018
133747,1,8.0,9.087820235389504
133720,5,40.0,37.001350121437014
133720,4,110.0,104.16502460983898
133720,3,35.0,44.01922161602445
133720,2,32.0,30.837042146737005
133720,1,43.0,51.11922161602445
126330,5,8.0,3.0000000000000018
126330,4,12.0,2.729000000000002
126330,3,8.0,3.0000000000000018
126330,2,6.0,2.729000000000002
126330,1,11.0,3.0000000000000018
126285,5,46.0,14.707674461850047
126285,4,34.0,9.087820235389504
126285,3,25.0,5.520939616429381
126285,2,14.0,3.4832010834293854
126285,1,17.0,2.910000000000002
124067,5,6.0,6.580932963129383
124067,4,29.0,27.090305215111286
124067,3,8.0,6.580932963129383
124067,2,7.0,3.0000000000000018
124067,1,7.0,9.087820235389504
123303,5,1.0,2.729000000000002
123303,4,0.0,2.729000000000002
123303,3,19.0,30.837042146737005
123303,2,0.0,1.0000000000000009
123303,1,0.0,2.729000000000002
120237,5,9.0,14.707674461850047
120237,4,5.0,5.520939616429381
120237,3,13.0,8.7363276768046
120237,2,17.0,3.0000000000000018
120237,1,12.0,5.520939616429381
116175,5,0.0,3.0000000000000018
116175,4,58.0,45.868142410697615
116175,3,8.0,9.228615676804598
116175,2,10.0,5.817165763129381
116175,1,9.0,9.087820235389504
114243,5,106.0,100.59125383277942
114243,4,338.0,331.62270799999976
114243,3,90.0,91.73740276166342
114243,2,117.0,91.73740276166342
114243,1,76.0,91.73740276166342
113367,5,9.0,3.0000000000000018
113367,4,18.0,19.12832983589474
113367,3,22.0,14.707674461850047
113367,2,17.0,10.200845228532714
113367,1,39.0,20.762813201898837
109791,5,0.0,1.0000000000000009
109791,4,29.0,27.090305215111286
109791,3,10.0,8.7363276768046
109791,2,21.0,5.817165763129381
109791,1,11.0,14.707674461850047
103644,5,3.0,3.0000000000000018
103644,4,2.0,2.729000000000002
103644,3,0.0,1.0000000000000009
103644,2,1.0,1.0000000000000009
103644,1,3.0,1.0000000000000009
100038,5,7.0,3.0000000000000018
100038,4,11.0,9.228615676804598
100038,3,1.0,3.0000000000000018
100038,2,9.0,2.910000000000002
100038,1,6.0,3.0000000000000018
99921,5,1.0,1.0000000000000009
99921,4,1.0,1.0000000000000009
99921,3,5.0,1.0000000000000009
99921,2,0.0,1.0000000000000009
99921,1,2.0,1.0000000000000009
95595,5,1.0,3.0000000000000018
95595,4,0.0,8.7363276768046
95595,3,3.0,2.729000000000002
95595,2,2.0,1.0000000000000009
95595,1,3.0,2.910000000000002
95573,5,50.0,37.001350121437014
95573,4,326.0,325.9999999999998
95573,3,27.0,27.090305215111286
95573,2,14.0,14.707674461850047
95573,1,21.0,20.762813201898837
94995,5,1.0,2.910000000000002
94995,4,8.0,9.087820235389504
94995,3,43.0,37.001350121437014
94995,2,2.0,2.910000000000002
94995,1,13.0,20.762813201898837
94095,5,4.0,12.200845228532714
94095,4,17.0,20.762813201898837
94095,3,61.0,33.73264253673702
94095,2,15.0,5.817165763129381
94095,1,12.0,9.228615676804598
93114,5,3.0,2.910000000000002
93114,4,13.0,3.0000000000000018
93114,3,6.0,5.817165763129381
93114,2,14.0,3.0000000000000018
93114,1,8.0,5.817165763129381
91071,5,2.0,3.0000000000000018
91071,4,19.0,8.7363276768046
91071,3,9.0,9.228615676804598
91071,2,11.0,6.580932963129383
91071,1,11.0,5.520939616429381
89211,5,9.0,5.520939616429381
89211,4,7.0,3.0000000000000018
89211,3,8.0,5.817165763129381
89211,2,3.0,1.0000000000000009
89211,1,6.0,2.729000000000002
89028,5,19.0,5.520939616429381
89028,3,38.0,2.910000000000002
89028,2,12.0,1.0000000000000009
89028,1,21.0,2.910000000000002
88323,5,4.0,3.0000000000000018
88323,4,9.0,2.910000000000002
88323,3,5.0,6.580932963129383
88323,2,1.0,1.0000000000000009
88323,1,14.0,1.0000000000000009
85200,5,20.0,14.707674461850047
85200,4,39.0,33.73264253673702
85200,3,52.0,30.837042146737005
85200,2,19.0,14.707674461850047
85200,1,45.0,33.73264253673702
85182,5,5.0,8.7363276768046
85182,4,0.0,1.0000000000000009
85182,3,1.0,2.729000000000002
85182,1,6.0,3.0000000000000018
83655,5,0.0,1.0000000000000009
83655,4,0.0,3.0000000000000018
83655,3,2.0,3.0000000000000018
83655,2,2.0,3.0000000000000018
83655,1,3.0,3.4832010834293854
81750,5,2.0,1.0000000000000009
81750,4,0.0,1.0000000000000009
81750,3,4.0,3.0000000000000018
81750,2,0.0,1.0000000000000009
81750,1,1.0,1.0000000000000009
80358,5,12.0,2.729000000000002
80358,4,4.0,1.0000000000000009
80358,3,3.0,1.0000000000000009
80358,2,2.0,1.0000000000000009
80358,1,4.0,1.0000000000000009
79254,5,0.0,1.0000000000000009
79254,4,0.0,2.910000000000002
79254,3,1.0,1.0000000000000009
79254,2,0.0,1.0000000000000009
79254,1,1.0,1.0000000000000009
77982,5,10.0,6.580932963129383
77982,4,7.0,12.200845228532714
77982,3,5.0,3.4832010834293854
77982,2,3.0,3.0000000000000018
77982,1,4.0,2.910000000000002
77957,5,10.0,3.4832010834293854
77957,4,16.0,20.762813201898837
77957,3,9.0,9.087820235389504
77957,2,8.0,3.0000000000000018
77957,1,11.0,14.707674461850047
77289,5,7.0,3.0000000000000018
77289,4,84.0,37.001350121437014
77289,3,7.0,9.228615676804598
77289,2,4.0,3.0000000000000018
77289,1,7.0,3.0000000000000018
76185,5,38.0,27.090305215111286
76185,4,13.0,19.12832983589474
76185,3,35.0,12.200845228532714
76185,2,12.0,3.0000000000000018
76185,1,12.0,8.7363276768046
75834,5,1.0,3.0000000000000018
75834,4,4.0,3.0000000000000018
75834,3,3.0,3.0000000000000018
75834,2,0.0,1.0000000000000009
75834,1,4.0,3.0000000000000018
73908,5,0.0,1.0000000000000009
73908,4,0.0,3.0000000000000018
73908,3,3.0,2.729000000000002
73908,2,1.0,2.910000000000002
73908,1,5.0,1.0000000000000009
73362,5,36.0,44.01922161602445
73362,4,91.0,91.00000000000006
73362,3,60.0,60.06208068929659
73362,2,30.0,37.001350121437014
73362,1,39.0,60.06208068929659
71871,4,1.0,3.0000000000000018
71871,3,0.0,1.0000000000000009
71871,2,0.0,1.0000000000000009
71871,1,1.0,1.0000000000000009
69006,5,0.0,3.0000000000000018
69006,4,7.0,9.087820235389504
69006,3,0.0,1.0000000000000009
69006,2,1.0,1.0000000000000009
69006,1,4.0,5.520939616429381
68808,5,0.0,1.0000000000000009
68808,4,1.0,1.0000000000000009
68808,3,0.0,2.910000000000002
68808,2,0.0,1.0000000000000009
68808,1,0.0,1.0000000000000009
68352,5,11.0,1.0000000000000009
68352,4,9.0,1.0000000000000009
68352,3,4.0,1.0000000000000009
68352,1,10.0,2.729000000000002
65811,5,6.0,3.0000000000000018
65811,4,3.0,3.4832010834293854
65811,3,1.0,2.729000000000002
65811,2,1.0,1.0000000000000009
65811,1,0.0,1.0000000000000009
65547,5,37.0,37.001350121437014
65547,4,19.0,30.837042146737005
65547,3,35.0,37.001350121437014
65547,2,11.0,12.200845228532714
65547,1,20.0,20.762813201898837
64644,5,18.0,2.729000000000002
64644,4,9.0,1.0000000000000009
64644,3,10.0,3.0000000000000018
64644,2,5.0,1.0000000000000009
64644,1,3.0,1.0000000000000009
64107,5,1.0,2.910000000000002
64107,4,8.0,3.0000000000000018
64107,3,3.0,2.729000000000002
64107,2,4.0,2.910000000000002
64107,1,1.0,2.910000000000002
64002,5,1.0,1.0000000000000009
64002,4,1.0,1.0000000000000009
64002,3,1.0,2.910000000000002
64002,2,0.0,1.0000000000000009
64002,1,0.0,1.0000000000000009
63699,5,1.0,9.087820235389504
63699,4,3.0,10.200845228532714
63699,3,1.0,2.910000000000002
63699,2,0.0,1.0000000000000009
63699,1,0.0,2.910000000000002
63621,5,0.0,3.0000000000000018
63621,4,2.0,3.0000000000000018
63621,3,0.0,3.0000000000000018
63621,2,0.0,2.729000000000002
63621,1,3.0,2.729000000000002
63003,5,8.0,10.200845228532714
63003,4,13.0,9.087820235389504
63003,3,15.0,20.762813201898837
63003,2,5.0,5.520939616429381
63003,1,11.0,20.762813201898837
62979,4,2.0,2.910000000000002
62979,3,0.0,1.0000000000000009
61827,5,45.0,37.001350121437014
61827,4,15.0,20.762813201898837
61827,3,10.0,8.7363276768046
61827,2,5.0,14.707674461850047
61827,1,4.0,5.520939616429381
61218,5,0.0,1.0000000000000009
61218,4,3.0,1.0000000000000009
61218,3,0.0,2.729000000000002
61218,1,0.0,2.729000000000002
56703,5,1.0,1.0000000000000009
56703,4,3.0,1.0000000000000009
56703,3,0.0,1.0000000000000009
56703,2,1.0,1.0000000000000009
56703,1,0.0,1.0000000000000009
56472,5,0.0,3.0000000000000018
56472,4,2.0,5.817165763129381
56472,3,2.0,5.520939616429381
56472,2,2.0,3.0000000000000018
56472,1,2.0,3.4832010834293854
56424,5,1.0,1.0000000000000009
56424,4,1.0,1.0000000000000009
56424,3,4.0,2.910000000000002
56424,2,1.0,1.0000000000000009
56424,1,0.0,1.0000000000000009
56004,5,0.0,2.910000000000002
56004,4,0.0,2.910000000000002
56004,3,5.0,2.910000000000002
56004,2,6.0,3.0000000000000018
56004,1,3.0,3.0000000000000018
55977,5,37.0,30.837042146737005
55977,4,47.0,45.21922161602444
55977,3,29.0,37.001350121437014
55977,2,16.0,14.707674461850047
55599,4,11.0,8.7363276768046
55599,3,1.0,1.0000000000000009
55485,5,0.0,1.0000000000000009
55485,4,1.0,1.0000000000000009
55485,3,1.0,1.0000000000000009
55485,2,0.0,1.0000000000000009
55485,1,0.0,1.0000000000000009
54711,5,1.0,3.0000000000000018
54711,4,9.0,3.4832010834293854
54711,3,3.0,5.520939616429381
54711,2,1.0,1.0000000000000009
54711,1,1.0,1.0000000000000009
53384,5,33.0,27.090305215111286
53384,4,19.0,19.12832983589474
53384,3,15.0,14.707674461850047
53384,2,3.0,5.520939616429381
53384,1,9.0,9.087820235389504
52098,5,1.0,1.0000000000000009
52098,4,1.0,2.729000000000002
52098,2,0.0,1.0000000000000009
52098,1,1.0,1.0000000000000009
50625,4,0.0,1.0000000000000009
50625,3,0.0,1.0000000000000009
50625,2,1.0,1.0000000000000009
49632,4,0.0,1.0000000000000009
49632,3,6.0,3.0000000000000018
49632,1,0.0,1.0000000000000009
49242,3,0.0,2.729000000000002
49242,2,2.0,1.0000000000000009
48945,5,3.0,1.0000000000000009
48945,4,7.0,1.0000000000000009
48945,3,1.0,1.0000000000000009
48945,2,1.0,1.0000000000000009
48945,1,3.0,1.0000000000000009
47526,5,1.0,1.0000000000000009
47526,4,4.0,3.0000000000000018
47526,3,0.0,1.0000000000000009
47526,2,2.0,1.0000000000000009
47526,1,0.0,1.0000000000000009
47100,5,0.0,1.0000000000000009
47100,4,2.0,1.0000000000000009
47100,3,2.0,1.0000000000000009
47100,1,0.0,2.729000000000002
47031,5,3.0,3.0000000000000018
47031,4,3.0,3.0000000000000018
47031,3,3.0,3.0000000000000018
47031,2,0.0,3.0000000000000018
47031,1,1.0,3.0000000000000018
44565,5,3.0,2.910000000000002
44565,4,2.0,1.0000000000000009
44565,3,0.0,1.0000000000000009
44565,2,5.0,2.729000000000002
44565,1,3.0,2.910000000000002
43335,5,0.0,1.0000000000000009
43335,4,1.0,1.0000000000000009
43335,3,0.0,2.729000000000002
43335,2,3.0,1.0000000000000009
43335,1,0.0,1.0000000000000009
42852,4,2.0,1.0000000000000009
42852,2,0.0,1.0000000000000009
38700,5,0.0,1.0000000000000009
38700,4,1.0,1.0000000000000009
38700,3,2.0,1.0000000000000009
38700,2,0.0,1.0000000000000009
38700,1,2.0,1.0000000000000009
38670,5,0.0,1.0000000000000009
38670,4,0.0,1.0000000000000009
38670,3,0.0,1.0000000000000009
38670,2,1.0,2.729000000000002
38670,1,0.0,1.0000000000000009
37254,5,1.0,2.729000000000002
37254,4,1.0,3.4832010834293854
37254,3,2.0,3.0000000000000018
37254,2,0.0,1.0000000000000009
37254,1,0.0,1.0000000000000009
35073,5,0.0,1.0000000000000009
35073,1,0.0,1.0000000000000009
34332,5,0.0,1.0000000000000009
34332,4,1.0,1.0000000000000009
34332,3,0.0,1.0000000000000009
34332,2,2.0,2.729000000000002
34332,1,2.0,3.0000000000000018
34257,5,2.0,1.0000000000000009
34257,2,1.0,2.910000000000002
34068,5,4.0,2.729000000000002
34068,4,1.0,2.910000000000002
34068,3,5.0,6.580932963129383
34068,2,0.0,1.0000000000000009
34068,1,2.0,2.729000000000002
33366,5,0.0,1.0000000000000009
33366,4,1.0,1.0000000000000009
33366,3,1.0,1.0000000000000009
33366,1,1.0,1.0000000000000009
33132,3,3.0,6.580932963129383
33132,2,0.0,1.0000000000000009
33132,1,2.0,1.0000000000000009
33129,5,0.0,1.0000000000000009
33129,4,4.0,6.580932963129383
33129,3,1.0,1.0000000000000009
33129,2,3.0,1.0000000000000009
33129,1,2.0,3.0000000000000018
33090,5,0.0,2.729000000000002
33090,4,1.0,2.910000000000002
33090,3,0.0,2.729000000000002
33090,2,0.0,1.0000000000000009
33090,1,0.0,1.0000000000000009
30541,5,2.0,3.0000000000000018
30541,4,17.0,19.12832983589474
30541,3,7.0,5.520939616429381
30541,2,8.0,5.817165763129381
30541,1,3.0,3.0000000000000018
28572,5,7.0,9.087820235389504
28572,4,2.0,3.0000000000000018
28572,3,2.0,3.0000000000000018
28572,2,0.0,1.0000000000000009
28572,1,0.0,2.910000000000002
27957,5,6.0,2.910000000000002
27957,4,14.0,3.0000000000000018
27957,3,7.0,2.729000000000002
27957,2,6.0,2.910000000000002
27957,1,5.0,3.0000000000000018
26916,5,0.0,1.0000000000000009
26916,4,1.0,2.729000000000002
26916,3,0.0,1.0000000000000009
26916,1,2.0,1.0000000000000009
26711,5,9.0,9.087820235389504
26711,4,32.0,30.837042146737005
26711,3,30.0,27.090305215111286
26711,2,23.0,33.73264253673702
26711,1,25.0,20.762813201898837
25233,5,2.0,3.0000000000000018
25233,4,12.0,14.707674461850047
25233,3,7.0,9.087820235389504
25233,2,1.0,6.580932963129383
25233,1,3.0,3.0000000000000018
24777,5,14.0,10.200845228532714
24777,4,8.0,2.729000000000002
24777,3,9.0,3.0000000000000018
24777,2,1.0,2.910000000000002
24777,1,4.0,3.0000000000000018
23568,5,1.0,1.0000000000000009
23568,4,4.0,2.729000000000002
23568,3,0.0,1.0000000000000009
23568,2,0.0,1.0000000000000009
23568,1,0.0,1.0000000000000009
23421,5,1.0,3.0000000000000018
23421,4,0.0,2.729000000000002
23421,3,1.0,1.0000000000000009
23421,2,0.0,1.0000000000000009
23421,1,9.0,1.0000000000000009
21605,5,345.0,102.96646661347933
21605,4,1105.0,331.62270799999976
21605,3,260.0,134.6883806892967
21605,2,165.0,60.06208068929659
21605,1,159.0,60.06208068929659
17720,5,10.0,9.228615676804598
17720,4,12.0,5.817165763129381
17720,3,10.0,3.0000000000000018
17720,2,23.0,9.087820235389504
17720,1,22.0,14.707674461850047
16859,5,80.0,33.73264253673702
16859,4,43.0,14.707674461850047
16859,3,29.0,12.200845228532714
16859,2,8.0,2.729000000000002
16859,1,21.0,19.12832983589474
15807,5,32.0,2.910000000000002
15807,4,53.0,2.729000000000002
15807,3,34.0,3.0000000000000018
15807,2,9.0,2.729000000000002
15807,1,29.0,3.0000000000000018
12879,5,1.0,3.0000000000000018
12879,4,2.0,1.0000000000000009
12879,3,3.0,3.0000000000000018
12879,2,0.0,1.0000000000000009
12879,1,1.0,1.0000000000000009
9750,5,0.0,3.0000000000000018
9750,4,2.0,1.0000000000000009
9750,3,2.0,2.729000000000002
9750,2,0.0,2.729000000000002
9750,1,1.0,1.0000000000000009
8322,5,0.0,1.0000000000000009
8322,4,1.0,1.0000000000000009
8322,3,0.0,1.0000000000000009
8322,1,0.0,1.0000000000000009
6948,5,1.0,1.0000000000000009
6948,4,1.0,1.0000000000000009
5961,5,3.0,3.0000000000000018
5961,4,10.0,10.200845228532714
5961,3,5.0,3.0000000000000018
5961,2,3.0,3.0000000000000018
5961,1,4.0,8.7363276768046
5487,4,1.0,1.0000000000000009
5487,3,1.0,1.0000000000000009
5484,5,2.0,1.0000000000000009
5484,4,1.0,1.0000000000000009
5484,3,2.0,1.0000000000000009
5256,2,0.0,1.0000000000000009
4833,1,6.0,2.910000000000002
3363,5,5.0,9.228615676804598
3363,4,6.0,10.200845228532714
3363,3,2.0,5.817165763129381
3363,2,0.0,3.0000000000000018
3363,1,3.0,3.4832010834293854
2952,5,4.0,1.0000000000000009
2952,4,7.0,1.0000000000000009
2952,3,0.0,1.0000000000000009
2952,2,6.0,1.0000000000000009
2055,5,1.0,1.0000000000000009
2055,4,3.0,2.729000000000002
2055,3,2.0,3.0000000000000018
2055,2,1.0,2.729000000000002
2055,1,1.0,2.910000000000002
2013,3,5.0,9.087820235389504
2013,2,0.0,1.0000000000000009
2013,1,0.0,1.0000000000000009
1104,5,1.0,1.0000000000000009
1104,4,1.0,2.729000000000002
1104,3,1.0,1.0000000000000009
1104,2,2.0,1.0000000000000009
1104,1,1.0,1.0000000000000009
1062,5,2.0,1.0000000000000009
1062,4,4.0,3.0000000000000018
1062,3,3.0,2.729000000000002
1062,2,0.0,1.0000000000000009
1062,1,2.0,2.729000000000002
1053,5,0.0,1.0000000000000009
1053,4,2.0,3.0000000000000018
1053,3,3.0,1.0000000000000009
1053,2,0.0,3.0000000000000018
