549,1,3.0,3.0000000000000018
549,2,2.0,3.9619752481300017
549,4,2.0,3.9619752481300017
609,3,4.0,4.4636084668299905
1013,1,7.0,1.9999999999999991
2958,2,0.0,2.6441416389616092E-23
164356,5,3.0,7.9999999999999964
164356,4,8.0,15.409267506579312
164356,3,16.0,7.9999999999999964
164356,2,6.0,10.639700000000015
164356,1,19.0,11.838730000000016
164234,5,55.0,11.838730000000016
164234,4,43.0,11.838730000000016
164234,3,49.0,11.838730000000016
164234,2,12.0,9.339700000000011
164234,1,40.0,7.9999999999999964
163228,5,273.0,54.62252221365339
163228,4,98.0,32.707718898586286
163228,3,45.0,20.642431186442586
163228,2,20.0,15.409267506579312
163228,1,54.0,29.858702097688493
6321,2,0.0,2.987348248130001
162430,4,50.0,29.858702097688493
162430,3,11.0,7.9999999999999964
162430,2,11.0,11.838730000000016
9771,3,5.0,2.987348248130001
158080,5,4.0,7.9999999999999964
158080,4,30.0,15.409267506579312
158080,3,69.0,69.41957215487604
26673,1,0.0,2.6441416389616092E-23
158080,1,29.0,20.642431186442586
155737,5,16.0,15.467760000000016
155737,4,76.0,69.41957215487604
44034,3,1.0,1.9999999999999991
155737,2,7.0,11.838730000000016
155737,1,40.0,20.642431186442586
155087,5,21.0,11.838730000000016
155087,4,21.0,3.0000000000000018
155087,3,13.0,7.9999999999999964
155087,2,8.0,5.870173735751466
155087,1,9.0,3.9619752481300017
155045,5,7.0,29.858702097688493
155045,4,9.0,53.050024343653384
155045,3,38.0,55.988327241307125
155045,2,0.0,7.9999999999999964
155045,1,6.0,29.858702097688493
152491,5,2.0,1.0000000000000009
152491,4,11.0,1.0000000000000009
152491,3,20.0,1.9999999999999991
152491,2,0.0,2.6441416389616092E-23
152491,1,4.0,3.0000000000000018
151247,5,13.0,15.409267506579312
151247,4,20.0,29.858702097688493
151247,3,38.0,29.858702097688493
151247,2,2.0,7.9999999999999964
151247,1,21.0,15.409267506579312
84702,5,0.0,7.9999999999999964
85014,1,9.0,7.9999999999999964
44034,4,2.0,1.0000000000000009
85014,2,7.0,3.0000000000000018
85014,3,35.0,11.838730000000016
26673,2,0.0,2.6441416389616092E-23
44034,5,1.0,1.9999999999999991
85014,4,16.0,7.9999999999999964
85014,5,4.0,3.0000000000000018
44088,1,4.0,3.0000000000000018
145309,5,7.0,29.858702097688493
145309,4,33.0,54.28372434365338
145309,3,38.0,45.64154343100895
145309,2,2.0,29.858702097688493
145309,1,21.0,50.51570024130714
141323,5,10.0,11.838730000000016
141323,4,11.0,16.945819886442585
141323,3,3.0,2.987348248130001
141323,2,15.0,5.870173735751466
141323,1,12.0,11.838730000000016
141293,5,29.0,1.9999999999999991
141293,4,14.0,1.0000000000000009
141293,3,37.0,3.9619752481300017
141293,2,21.0,1.9999999999999991
141293,1,9.0,1.0000000000000009
140698,5,10.0,4.4636084668299905
140698,4,22.0,15.409267506579312
140698,3,63.0,15.409267506579312
140698,2,8.0,2.987348248130001
140698,1,28.0,29.858702097688493
139306,5,35.0,29.858702097688493
139306,4,24.0,29.858702097688493
139306,3,14.0,11.838730000000016
139306,2,29.0,29.858702097688493
139306,1,28.0,20.642431186442586
85023,1,9.0,29.858702097688493
85023,2,6.0,28.80771889858633
9771,4,1.0,1.0000000000000009
26673,3,0.0,1.0000000000000009
44088,2,1.0,3.0000000000000018
121895,5,6.0,15.409267506579312
121895,4,36.0,45.64154343100895
121895,3,15.0,28.260461649918504
121895,2,2.0,15.409267506579312
121895,1,5.0,29.858702097688493
119352,5,51.0,29.858702097688493
119352,4,35.0,20.642431186442586
119352,3,26.0,11.838730000000016
119352,2,4.0,7.9999999999999964
119352,1,29.0,15.409267506579312
85023,3,7.0,29.858702097688493
85023,4,26.0,53.878700241307136
44088,3,8.0,7.9999999999999964
85023,5,10.0,28.80771889858633
85176,1,3.0,7.9999999999999964
114483,5,11.0,7.9999999999999964
114483,4,12.0,15.409267506579312
114483,3,31.0,11.838730000000016
114483,2,13.0,11.838730000000016
114483,1,28.0,11.838730000000016
111587,5,12.0,11.838730000000016
111587,4,12.0,7.9999999999999964
111587,3,8.0,7.9999999999999964
111587,2,7.0,10.639700000000015
111587,1,12.0,5.870173735751466
26673,4,0.0,2.6441416389616092E-23
44088,4,7.0,5.870173735751466
85176,2,1.0,1.0000000000000009
85176,3,1.0,7.9999999999999964
44088,5,4.0,4.4636084668299905
110763,5,99.0,69.41957215487604
110763,4,23.0,15.409267506579312
110763,3,30.0,16.945819886442585
110763,2,46.0,16.945819886442585
110763,1,12.0,11.838730000000016
108614,5,11.0,7.9999999999999964
108614,4,33.0,11.838730000000016
108614,3,61.0,29.858702097688493
108614,2,8.0,7.9999999999999964
108614,1,5.0,3.9619752481300017
104481,5,10.0,5.870173735751466
104481,4,7.0,4.4636084668299905
104481,3,15.0,7.9999999999999964
104481,2,11.0,7.9999999999999964
104481,1,7.0,3.9619752481300017
103299,5,5.0,1.9999999999999991
103299,4,9.0,3.0000000000000018
103299,3,6.0,1.9999999999999991
103299,2,5.0,1.9999999999999991
103299,1,13.0,1.9999999999999991
102747,5,2.0,2.6441416389616092E-23
102747,4,2.0,1.0000000000000009
102747,3,2.0,3.0000000000000018
102747,2,1.0,1.9999999999999991
102747,1,0.0,3.0000000000000018
102291,5,0.0,1.0000000000000009
102291,4,1.0,2.6441416389616092E-23
102291,3,1.0,2.6441416389616092E-23
102291,2,1.0,2.6441416389616092E-23
102291,1,0.0,2.6441416389616092E-23
100044,5,9.0,7.9999999999999964
100044,4,1.0,3.9619752481300017
100044,3,7.0,5.870173735751466
100044,2,3.0,3.0000000000000018
100044,1,2.0,3.0000000000000018
99933,5,5.0,1.0000000000000009
99933,4,26.0,7.9999999999999964
99933,3,21.0,1.9999999999999991
99933,2,3.0,3.0000000000000018
99933,1,22.0,3.0000000000000018
97467,4,1.0,1.0000000000000009
97467,3,0.0,1.0000000000000009
97467,1,0.0,2.6441416389616092E-23
97187,5,17.0,9.339700000000011
97187,4,10.0,5.870173735751466
97187,3,8.0,11.838730000000016
97187,2,4.0,5.870173735751466
97187,1,8.0,11.838730000000016
96480,5,0.0,2.987348248130001
96480,4,2.0,1.9999999999999991
96480,3,0.0,2.6441416389616092E-23
96480,2,0.0,1.0000000000000009
96480,1,0.0,2.6441416389616092E-23
96102,5,32.0,33.158702097688455
96102,4,19.0,22.751890239174486
96102,3,6.0,16.945819886442585
96102,2,12.0,20.642431186442586
96102,1,6.0,15.409267506579312
95652,5,4.0,10.639700000000015
95652,4,0.0,1.0000000000000009
95652,3,0.0,1.9999999999999991
95652,2,3.0,3.0000000000000018
95652,1,0.0,1.0000000000000009
85176,4,5.0,15.409267506579312
85176,5,0.0,1.0000000000000009
6321,3,9.0,11.838730000000016
9771,5,2.0,1.0000000000000009
26673,5,1.0,2.6441416389616092E-23
94239,5,42.0,15.467760000000016
44949,1,0.0,1.9999999999999991
94239,3,43.0,11.838730000000016
86136,1,6.0,3.0000000000000018
94239,1,16.0,11.838730000000016
94047,5,3.0,1.0000000000000009
94047,4,4.0,3.0000000000000018
94047,3,9.0,7.9999999999999964
94047,2,6.0,2.6441416389616092E-23
94047,1,3.0,3.0000000000000018
93837,5,3.0,1.0000000000000009
93837,4,2.0,2.987348248130001
93837,3,5.0,3.0000000000000018
93837,2,1.0,1.9999999999999991
93837,1,0.0,2.6441416389616092E-23
93792,5,6.0,1.9999999999999991
93792,4,30.0,29.858702097688493
93792,3,4.0,3.0000000000000018
93792,2,3.0,2.987348248130001
93792,1,3.0,7.9999999999999964
93542,5,8.0,7.9999999999999964
93542,4,8.0,7.9999999999999964
93542,3,11.0,11.838730000000016
93542,2,25.0,10.639700000000015
93542,1,7.0,7.9999999999999964
86136,2,10.0,4.4636084668299905
92073,4,8.0,3.0000000000000018
44949,2,0.0,2.6441416389616092E-23
92073,2,8.0,7.9999999999999964
86136,3,10.0,3.0000000000000018
91680,5,6.0,1.9999999999999991
86136,4,15.0,4.4636084668299905
91680,3,4.0,3.0000000000000018
26678,1,46.0,29.858702097688493
91680,1,9.0,3.0000000000000018
91620,5,1.0,1.0000000000000009
91620,3,1.0,2.987348248130001
91620,2,0.0,1.9999999999999991
91620,1,0.0,1.0000000000000009
91209,5,1.0,2.6441416389616092E-23
91209,4,6.0,11.838730000000016
91209,3,4.0,3.0000000000000018
91209,2,2.0,1.0000000000000009
91209,1,2.0,3.0000000000000018
91176,5,4.0,3.0000000000000018
44949,3,4.0,2.6441416389616092E-23
91176,3,2.0,1.0000000000000009
86136,5,13.0,4.4636084668299905
86754,1,2.0,3.0000000000000018
44949,4,0.0,1.0000000000000009
86754,2,4.0,7.9999999999999964
86754,3,4.0,1.0000000000000009
10113,1,7.0,1.0000000000000009
26678,2,49.0,29.858702097688493
91041,5,8.0,7.9999999999999964
91041,4,36.0,16.945819886442585
91041,3,3.0,4.4636084668299905
91041,2,0.0,2.6441416389616092E-23
91041,1,4.0,7.9999999999999964
89223,5,1.0,1.0000000000000009
89223,4,4.0,1.0000000000000009
89223,3,0.0,2.6441416389616092E-23
89223,2,4.0,1.0000000000000009
89223,1,2.0,1.0000000000000009
87168,5,4.0,1.9999999999999991
87168,4,6.0,3.0000000000000018
87168,3,10.0,1.0000000000000009
87168,2,1.0,2.6441416389616092E-23
87168,1,5.0,1.9999999999999991
87030,5,4.0,3.0000000000000018
87030,4,5.0,2.987348248130001
44949,5,3.0,1.0000000000000009
86754,4,14.0,11.838730000000016
86754,5,6.0,9.339700000000011
45378,1,36.0,16.945819886442585
87030,1,4.0,1.0000000000000009
87030,2,4.0,1.0000000000000009
26678,3,34.0,34.6858019041287
45378,2,12.0,7.9999999999999964
87030,3,1.0,1.0000000000000009
45378,3,76.0,29.858702097688493
2958,3,0.0,2.6441416389616092E-23
6321,4,3.0,5.870173735751466
10113,2,34.0,2.6441416389616092E-23
26678,4,44.0,28.80771889858633
45378,4,35.0,29.858702097688493
45378,5,9.0,11.838730000000016
26678,5,73.0,29.858702097688493
46728,1,1.0,1.0000000000000009
46728,2,1.0,3.0000000000000018
10113,3,10.0,2.987348248130001
26977,1,24.0,11.838730000000016
46728,3,1.0,1.0000000000000009
46728,4,0.0,1.0000000000000009
26977,2,25.0,5.870173735751466
46728,5,3.0,1.0000000000000009
6321,5,1.0,1.0000000000000009
10113,4,3.0,2.6441416389616092E-23
26977,3,20.0,15.409267506579312
91176,1,6.0,1.0000000000000009
84702,4,2.0,20.642431186442586
84702,3,8.0,29.858702097688493
84702,2,4.0,10.639700000000015
84702,1,0.0,29.858702097688493
84096,5,1.0,2.6441416389616092E-23
84096,4,3.0,1.0000000000000009
84096,3,0.0,1.0000000000000009
84096,2,0.0,1.0000000000000009
84096,1,0.0,1.0000000000000009
83427,5,1.0,2.6441416389616092E-23
83427,4,6.0,1.0000000000000009
83427,3,3.0,3.0000000000000018
83427,2,2.0,2.6441416389616092E-23
83427,1,2.0,2.6441416389616092E-23
81630,4,1.0,1.0000000000000009
81630,2,0.0,1.9999999999999991
81471,5,3.0,2.987348248130001
81471,4,1.0,3.0000000000000018
81471,3,1.0,1.0000000000000009
81471,2,0.0,2.6441416389616092E-23
81471,1,0.0,1.9999999999999991
79497,5,0.0,2.6441416389616092E-23
79497,4,1.0,1.0000000000000009
79497,2,1.0,1.0000000000000009
79497,1,0.0,2.6441416389616092E-23
79221,5,4.0,1.0000000000000009
79221,4,1.0,3.0000000000000018
79221,3,6.0,3.0000000000000018
79221,2,1.0,1.0000000000000009
79221,1,3.0,1.0000000000000009
26977,4,16.0,7.9999999999999964
91176,2,3.0,1.0000000000000009
91176,4,3.0,3.0000000000000018
10113,5,0.0,2.6441416389616092E-23
26977,5,18.0,11.838730000000016
79146,5,136.0,55.988327241307125
79146,4,28.0,29.858702097688493
79146,3,16.0,15.409267506579312
79146,2,30.0,20.642431186442586
79146,1,10.0,11.838730000000016
79092,5,0.0,2.6441416389616092E-23
79092,4,0.0,1.0000000000000009
79092,3,1.0,1.0000000000000009
79092,2,0.0,2.6441416389616092E-23
79092,1,0.0,2.6441416389616092E-23
79077,5,0.0,2.6441416389616092E-23
79077,4,2.0,2.6441416389616092E-23
79077,2,0.0,1.0000000000000009
79077,1,0.0,2.6441416389616092E-23
79050,5,4.0,1.9999999999999991
79050,4,0.0,1.0000000000000009
79050,3,2.0,2.987348248130001
79050,2,3.0,1.9999999999999991
79050,1,2.0,1.0000000000000009
78579,5,22.0,15.409267506579312
78579,4,6.0,7.9999999999999964
78579,3,9.0,11.838730000000016
78579,2,9.0,11.838730000000016
78579,1,9.0,10.639700000000015
78387,5,4.0,1.0000000000000009
78387,4,8.0,1.9999999999999991
78387,3,7.0,1.0000000000000009
78387,2,2.0,3.0000000000000018
46941,1,0.0,2.6441416389616092E-23
46941,2,0.0,2.6441416389616092E-23
27476,1,4.0,2.987348248130001
46941,3,1.0,1.0000000000000009
46941,4,1.0,1.0000000000000009
1013,2,10.0,3.0000000000000018
77919,5,0.0,2.6441416389616092E-23
77919,4,1.0,2.6441416389616092E-23
2958,4,0.0,2.6441416389616092E-23
77919,2,0.0,2.6441416389616092E-23
77016,5,0.0,2.6441416389616092E-23
77016,4,0.0,2.6441416389616092E-23
77016,3,1.0,1.0000000000000009
77016,2,1.0,1.9999999999999991
77016,1,4.0,2.6441416389616092E-23
76820,5,62.0,50.51570024130714
6501,1,1.0,2.6441416389616092E-23
76820,3,20.0,29.858702097688493
76820,2,49.0,51.0543034009489
76820,1,27.0,29.858702097688493
76209,5,0.0,2.6441416389616092E-23
76209,4,2.0,1.0000000000000009
76209,3,1.0,1.0000000000000009
76209,2,0.0,2.6441416389616092E-23
76209,1,1.0,1.0000000000000009
75087,5,36.0,29.858702097688493
75087,4,3.0,3.0000000000000018
75087,3,6.0,7.9999999999999964
75087,2,12.0,7.9999999999999964
75087,1,11.0,4.4636084668299905
75027,5,0.0,1.0000000000000009
75027,4,2.0,1.0000000000000009
75027,3,3.0,1.9999999999999991
75027,2,1.0,2.6441416389616092E-23
75027,1,2.0,2.6441416389616092E-23
74988,5,41.0,15.467760000000016
74988,4,5.0,7.9999999999999964
74988,3,8.0,7.9999999999999964
74988,2,16.0,11.838730000000016
74988,1,3.0,11.838730000000016
11511,1,1.0,5.870173735751466
74532,4,2.0,1.0000000000000009
74532,3,7.0,3.0000000000000018
74532,2,0.0,2.6441416389616092E-23
74532,1,6.0,1.0000000000000009
74166,5,0.0,2.6441416389616092E-23
74166,4,0.0,2.6441416389616092E-23
74166,3,1.0,2.6441416389616092E-23
27476,2,10.0,9.339700000000011
73569,5,8.0,3.0000000000000018
73569,4,17.0,3.0000000000000018
73569,3,19.0,7.9999999999999964
73569,2,8.0,1.9999999999999991
73569,1,8.0,1.9999999999999991
73383,5,0.0,1.0000000000000009
73383,4,3.0,1.0000000000000009
46941,5,1.0,1.0000000000000009
73383,2,0.0,2.6441416389616092E-23
73383,1,0.0,1.0000000000000009
73017,5,0.0,2.6441416389616092E-23
91680,2,2.0,3.0000000000000018
73017,2,0.0,2.6441416389616092E-23
73017,1,0.0,2.6441416389616092E-23
27476,3,6.0,3.9619752481300017
91680,4,66.0,29.858702097688493
92073,1,13.0,7.9999999999999964
72216,5,0.0,2.6441416389616092E-23
72216,4,3.0,2.6441416389616092E-23
11511,2,1.0,3.0000000000000018
72216,2,0.0,2.6441416389616092E-23
72216,1,0.0,1.0000000000000009
72102,5,1.0,2.6441416389616092E-23
27476,4,14.0,15.409267506579312
72102,3,4.0,9.339700000000011
72102,2,2.0,1.0000000000000009
72102,1,2.0,1.0000000000000009
92073,3,12.0,11.838730000000016
72078,4,1.0,2.6441416389616092E-23
72078,3,0.0,2.6441416389616092E-23
72078,2,0.0,2.6441416389616092E-23
72078,1,0.0,2.6441416389616092E-23
72060,5,1.0,2.6441416389616092E-23
72060,4,3.0,1.9999999999999991
72060,3,0.0,1.0000000000000009
72060,2,1.0,1.0000000000000009
72060,1,0.0,1.0000000000000009
72018,5,0.0,2.6441416389616092E-23
72018,4,5.0,3.0000000000000018
72018,3,1.0,1.0000000000000009
72018,2,0.0,2.6441416389616092E-23
72018,1,1.0,2.6441416389616092E-23
71952,5,1.0,1.0000000000000009
71952,4,1.0,3.0000000000000018
71952,3,4.0,3.9619752481300017
71952,2,0.0,1.0000000000000009
71952,1,2.0,2.6441416389616092E-23
71883,5,2.0,2.6441416389616092E-23
71883,4,4.0,2.6441416389616092E-23
71883,3,3.0,2.6441416389616092E-23
71883,2,1.0,1.0000000000000009
71883,1,0.0,2.6441416389616092E-23
71595,5,0.0,1.0000000000000009
71595,4,1.0,1.0000000000000009
71595,3,0.0,2.6441416389616092E-23
71595,2,0.0,1.0000000000000009
71595,1,1.0,1.0000000000000009
71313,5,2.0,1.0000000000000009
71313,4,1.0,2.6441416389616092E-23
71313,3,1.0,1.0000000000000009
71313,2,0.0,2.6441416389616092E-23
71313,1,2.0,1.0000000000000009
70722,5,0.0,1.0000000000000009
70722,4,3.0,1.0000000000000009
70722,3,9.0,3.9619752481300017
70722,2,4.0,1.0000000000000009
70722,1,1.0,1.9999999999999991
69210,5,1.0,2.6441416389616092E-23
69210,4,0.0,2.6441416389616092E-23
69210,3,0.0,2.6441416389616092E-23
69210,1,0.0,2.6441416389616092E-23
69003,5,67.0,29.858702097688493
69003,4,36.0,50.51570024130714
69003,3,44.0,29.858702097688493
69003,2,30.0,11.838730000000016
69003,1,20.0,11.838730000000016
92073,5,12.0,7.9999999999999964
27476,5,7.0,7.9999999999999964
47127,1,0.0,1.0000000000000009
47127,2,0.0,1.0000000000000009
6501,2,0.0,1.0000000000000009
67623,5,1.0,2.6441416389616092E-23
67623,4,3.0,1.0000000000000009
67623,3,0.0,1.0000000000000009
67623,2,2.0,1.0000000000000009
67623,1,0.0,1.0000000000000009
67371,5,2.0,1.9999999999999991
67371,4,4.0,3.0000000000000018
67371,3,6.0,4.4636084668299905
67371,2,2.0,1.9999999999999991
67371,1,4.0,3.9619752481300017
67143,5,0.0,2.6441416389616092E-23
67143,4,1.0,2.6441416389616092E-23
67143,3,1.0,2.6441416389616092E-23
67143,2,0.0,2.6441416389616092E-23
67143,1,0.0,1.0000000000000009
65702,5,17.0,15.467760000000016
65702,4,2.0,3.9619752481300017
65702,3,5.0,7.9999999999999964
65702,2,9.0,7.9999999999999964
65702,1,5.0,3.0000000000000018
63612,5,3.0,1.9999999999999991
63612,4,3.0,7.9999999999999964
63612,3,0.0,2.987348248130001
63612,2,0.0,1.0000000000000009
63612,1,2.0,1.9999999999999991
63111,4,0.0,2.6441416389616092E-23
63111,1,3.0,2.6441416389616092E-23
62733,5,0.0,2.6441416389616092E-23
62733,4,3.0,1.0000000000000009
62733,3,2.0,1.0000000000000009
62733,2,0.0,2.6441416389616092E-23
62733,1,0.0,1.0000000000000009
61964,5,11.0,7.9999999999999964
61964,4,19.0,11.838730000000016
61964,3,8.0,11.838730000000016
61964,2,12.0,7.9999999999999964
61964,1,24.0,7.9999999999999964
61923,5,6.0,1.0000000000000009
61923,4,22.0,1.0000000000000009
61923,3,1.0,1.0000000000000009
61923,2,0.0,1.0000000000000009
61923,1,0.0,1.0000000000000009
61034,5,10.0,11.838730000000016
61034,4,4.0,7.9999999999999964
61034,3,18.0,10.639700000000015
61034,2,10.0,15.409267506579312
61034,1,8.0,7.9999999999999964
60939,5,0.0,2.6441416389616092E-23
60939,4,3.0,1.0000000000000009
60939,3,1.0,2.6441416389616092E-23
60939,2,4.0,3.0000000000000018
60939,1,3.0,1.9999999999999991
60437,5,19.0,20.642431186442586
60437,4,109.0,53.878700241307136
60437,3,77.0,50.51570024130714
60437,2,21.0,11.838730000000016
60437,1,36.0,29.858702097688493
60363,5,1.0,2.6441416389616092E-23
60363,4,1.0,1.0000000000000009
60363,3,1.0,1.0000000000000009
60363,2,0.0,2.6441416389616092E-23
60363,1,0.0,2.6441416389616092E-23
60132,5,0.0,1.0000000000000009
60132,4,0.0,2.6441416389616092E-23
60132,3,3.0,7.9999999999999964
60132,2,0.0,2.6441416389616092E-23
11511,3,4.0,10.639700000000015
29493,1,0.0,1.9999999999999991
47127,3,6.0,9.339700000000011
47127,4,1.0,1.0000000000000009
29493,2,0.0,1.0000000000000009
47127,5,1.0,5.870173735751466
59307,5,0.0,1.9999999999999991
59307,4,2.0,11.838730000000016
59307,3,1.0,9.339700000000011
59307,2,0.0,1.0000000000000009
59307,1,0.0,7.9999999999999964
59181,5,2.0,2.6441416389616092E-23
59181,4,4.0,1.0000000000000009
59181,3,2.0,1.0000000000000009
59181,2,2.0,1.0000000000000009
59181,1,1.0,3.0000000000000018
58314,5,0.0,2.6441416389616092E-23
58314,4,2.0,1.0000000000000009
58314,3,0.0,1.0000000000000009
58314,2,0.0,2.6441416389616092E-23
58314,1,2.0,1.0000000000000009
57690,5,0.0,1.0000000000000009
57690,4,3.0,1.0000000000000009
57690,3,1.0,2.6441416389616092E-23
57690,2,0.0,1.0000000000000009
57690,1,1.0,1.0000000000000009
57504,4,3.0,2.6441416389616092E-23
57282,5,0.0,2.6441416389616092E-23
57282,4,1.0,3.0000000000000018
57282,3,0.0,1.9999999999999991
57282,2,0.0,2.6441416389616092E-23
57282,1,0.0,3.0000000000000018
57231,5,1.0,3.0000000000000018
57231,4,3.0,3.9619752481300017
57231,3,1.0,7.9999999999999964
57231,2,2.0,3.9619752481300017
57231,1,2.0,4.4636084668299905
57156,5,0.0,1.0000000000000009
57156,4,1.0,2.6441416389616092E-23
57156,2,0.0,2.6441416389616092E-23
57156,1,0.0,2.6441416389616092E-23
56787,5,0.0,2.6441416389616092E-23
56787,4,3.0,2.6441416389616092E-23
56787,3,0.0,2.6441416389616092E-23
56787,2,0.0,2.6441416389616092E-23
56787,1,0.0,2.6441416389616092E-23
56781,5,0.0,2.6441416389616092E-23
56781,4,0.0,2.6441416389616092E-23
56781,3,1.0,2.6441416389616092E-23
56781,2,0.0,2.6441416389616092E-23
56781,1,0.0,2.6441416389616092E-23
56169,5,1.0,1.0000000000000009
56169,4,5.0,7.9999999999999964
56169,3,1.0,2.987348248130001
56169,2,2.0,1.0000000000000009
56169,1,4.0,2.987348248130001
47171,1,8.0,3.0000000000000018
55962,4,2.0,5.870173735751466
11511,4,2.0,5.870173735751466
55962,2,3.0,1.9999999999999991
29493,3,1.0,3.0000000000000018
55557,5,2.0,1.0000000000000009
47171,2,7.0,11.838730000000016
55557,3,0.0,1.0000000000000009
47171,3,45.0,15.409267506579312
55557,1,1.0,2.6441416389616092E-23
55547,5,15.0,2.987348248130001
55547,4,20.0,7.9999999999999964
55547,3,16.0,3.9619752481300017
55547,2,6.0,3.0000000000000018
55547,1,16.0,1.0000000000000009
29493,4,3.0,3.0000000000000018
47171,4,7.0,5.870173735751466
47171,5,4.0,3.0000000000000018
2958,5,0.0,1.0000000000000009
54708,5,0.0,2.6441416389616092E-23
54708,4,1.0,1.0000000000000009
54708,3,2.0,1.0000000000000009
54708,2,2.0,2.6441416389616092E-23
54708,1,1.0,2.6441416389616092E-23
54687,5,2.0,2.6441416389616092E-23
54687,4,2.0,3.0000000000000018
54687,3,4.0,4.4636084668299905
54687,2,0.0,1.0000000000000009
54687,1,3.0,2.6441416389616092E-23
53982,5,1.0,2.6441416389616092E-23
53982,4,1.0,1.0000000000000009
53982,3,0.0,2.6441416389616092E-23
53982,2,0.0,1.0000000000000009
53982,1,0.0,2.6441416389616092E-23
6501,3,0.0,2.6441416389616092E-23
11511,5,2.0,7.9999999999999964
29493,5,1.0,1.0000000000000009
94239,2,17.0,11.838730000000016
94239,4,33.0,29.858702097688493
53568,5,2.0,2.6441416389616092E-23
53568,4,1.0,2.6441416389616092E-23
53568,3,1.0,2.6441416389616092E-23
53568,2,0.0,1.0000000000000009
53568,1,2.0,2.6441416389616092E-23
53520,5,0.0,3.0000000000000018
53520,4,3.0,11.838730000000016
53520,3,0.0,2.987348248130001
53520,2,0.0,4.4636084668299905
53520,1,0.0,2.987348248130001
53457,5,1.0,1.0000000000000009
53457,4,1.0,2.6441416389616092E-23
53457,3,1.0,2.6441416389616092E-23
53457,2,1.0,1.0000000000000009
53457,1,1.0,2.6441416389616092E-23
52710,5,8.0,5.870173735751466
52710,4,18.0,4.4636084668299905
52710,3,3.0,2.987348248130001
52710,2,38.0,7.9999999999999964
52710,1,3.0,1.9999999999999991
51321,4,0.0,2.6441416389616092E-23
162430,5,7.0,11.838730000000016
51321,2,0.0,2.6441416389616092E-23
162430,1,22.0,15.409267506579312
51273,5,4.0,3.0000000000000018
158080,2,11.0,15.409267506579312
51273,3,4.0,7.9999999999999964
155737,3,50.0,29.858702097688493
51273,1,6.0,3.9619752481300017
50793,5,1.0,4.4636084668299905
50793,4,1.0,2.6441416389616092E-23
50793,3,0.0,1.0000000000000009
50793,2,0.0,1.0000000000000009
50793,1,0.0,1.0000000000000009
50526,5,0.0,3.0000000000000018
50526,4,3.0,1.0000000000000009
50526,3,3.0,4.4636084668299905
50526,2,0.0,2.6441416389616092E-23
50526,1,2.0,3.0000000000000018
50382,5,0.0,2.6441416389616092E-23
50382,4,1.0,1.0000000000000009
50382,3,0.0,1.0000000000000009
50382,2,0.0,2.6441416389616092E-23
50382,1,0.0,2.6441416389616092E-23
49841,5,71.0,50.51570024130714
49841,4,151.0,55.988327241307125
49841,3,283.0,56.95449059625536
49841,2,84.0,50.51570024130714
49841,1,134.0,55.988327241307125
49439,5,12.0,2.987348248130001
49439,4,30.0,10.639700000000015
49439,3,93.0,29.858702097688493
49439,2,4.0,1.0000000000000009
49439,1,22.0,7.9999999999999964
49422,5,0.0,1.0000000000000009
49422,4,0.0,1.0000000000000009
49422,3,2.0,1.9999999999999991
49422,2,4.0,1.0000000000000009
49422,1,2.0,1.9999999999999991
49314,5,0.0,2.6441416389616092E-23
49314,4,0.0,2.6441416389616092E-23
49314,2,2.0,2.6441416389616092E-23
49116,5,1.0,1.0000000000000009
49116,4,2.0,1.9999999999999991
49116,3,3.0,1.0000000000000009
49116,2,0.0,2.6441416389616092E-23
49116,1,1.0,1.0000000000000009
48942,5,0.0,1.0000000000000009
48942,4,5.0,3.0000000000000018
48942,3,2.0,1.9999999999999991
48942,2,3.0,3.9619752481300017
48942,1,4.0,1.9999999999999991
48831,5,1.0,1.0000000000000009
48831,4,0.0,2.6441416389616092E-23
48831,3,0.0,1.0000000000000009
48831,2,0.0,1.0000000000000009
48831,1,0.0,1.0000000000000009
48429,5,3.0,7.9999999999999964
48429,4,0.0,4.4636084668299905
48429,3,0.0,3.0000000000000018
48429,2,1.0,3.9619752481300017
48429,1,0.0,1.9999999999999991
48260,5,8.0,11.838730000000016
48260,4,16.0,11.838730000000016
48260,3,8.0,15.409267506579312
48260,2,4.0,7.9999999999999964
48260,1,10.0,7.9999999999999964
47982,5,2.0,1.9999999999999991
47982,4,1.0,3.0000000000000018
47982,3,2.0,1.9999999999999991
47982,2,8.0,3.0000000000000018
47982,1,1.0,1.0000000000000009
47847,5,3.0,2.6441416389616092E-23
47847,4,3.0,1.9999999999999991
47847,3,1.0,2.6441416389616092E-23
47847,2,0.0,2.6441416389616092E-23
47847,1,1.0,2.6441416389616092E-23
47556,5,0.0,1.0000000000000009
47556,4,2.0,1.0000000000000009
47556,3,0.0,1.9999999999999991
47556,2,0.0,2.6441416389616092E-23
47556,1,0.0,2.6441416389616092E-23
47337,5,0.0,2.987348248130001
30117,1,3.0,1.9999999999999991
47337,1,0.0,2.6441416389616092E-23
11892,1,0.0,1.0000000000000009
30117,2,4.0,1.9999999999999991
47337,2,1.0,1.0000000000000009
47337,3,1.0,2.6441416389616092E-23
30117,3,8.0,4.4636084668299905
47337,4,1.0,1.9999999999999991
6501,4,1.0,2.6441416389616092E-23
11892,2,0.0,2.6441416389616092E-23
30117,4,3.0,3.0000000000000018
30117,5,5.0,3.0000000000000018
11892,3,1.0,3.0000000000000018
30825,1,0.0,2.6441416389616092E-23
30825,2,0.0,1.0000000000000009
609,4,7.0,4.4636084668299905
1013,3,30.0,7.9999999999999964
2980,1,20.0,28.260461649918504
6501,5,1.0,2.6441416389616092E-23
11892,4,0.0,1.0000000000000009
30825,3,0.0,2.6441416389616092E-23
30825,4,1.0,2.6441416389616092E-23
11892,5,0.0,1.0000000000000009
30825,5,0.0,2.6441416389616092E-23
30840,1,3.0,1.9999999999999991
6705,1,1.0,1.0000000000000009
11991,1,13.0,28.80771889858633
30840,2,1.0,3.0000000000000018
30840,3,1.0,3.0000000000000018
11991,2,23.0,28.80771889858633
30840,4,4.0,3.0000000000000018
30840,5,3.0,1.0000000000000009
2980,2,8.0,20.642431186442586
6705,2,0.0,2.6441416389616092E-23
11991,3,62.0,63.13019523144535
31437,1,1.0,2.6441416389616092E-23
31437,2,1.0,2.6441416389616092E-23
11991,4,46.0,55.988327241307125
31437,3,0.0,1.0000000000000009
31437,4,0.0,2.6441416389616092E-23
6705,3,1.0,1.9999999999999991
11991,5,28.0,28.80771889858633
31437,5,4.0,1.0000000000000009
31464,1,0.0,1.0000000000000009
12501,1,1.0,1.0000000000000009
31464,2,0.0,2.6441416389616092E-23
31464,3,0.0,2.6441416389616092E-23
1013,4,7.0,1.0000000000000009
2980,3,31.0,31.79293537454388
6705,4,2.0,3.0000000000000018
12501,2,0.0,1.0000000000000009
31464,4,0.0,2.6441416389616092E-23
31464,5,1.0,2.6441416389616092E-23
12501,3,1.0,1.0000000000000009
31665,1,6.0,1.0000000000000009
44034,2,0.0,1.0000000000000009
43889,5,5.0,50.51570024130714
43889,4,5.0,50.51570024130714
43889,3,106.0,67.72503063485847
43889,2,8.0,50.51570024130714
43889,1,53.0,56.95449059625536
43326,5,1.0,1.0000000000000009
43326,4,3.0,3.0000000000000018
43326,3,1.0,1.0000000000000009
43326,2,2.0,1.0000000000000009
43326,1,0.0,1.9999999999999991
42951,5,1.0,1.0000000000000009
42951,4,2.0,1.0000000000000009
42951,3,5.0,1.9999999999999991
42951,2,1.0,1.0000000000000009
42951,1,1.0,2.6441416389616092E-23
42876,4,0.0,1.9999999999999991
42876,3,2.0,1.0000000000000009
42876,1,1.0,1.0000000000000009
42504,5,0.0,1.0000000000000009
42504,3,0.0,1.0000000000000009
42504,2,1.0,1.0000000000000009
42504,1,1.0,2.6441416389616092E-23
42381,5,0.0,2.6441416389616092E-23
42381,4,2.0,1.0000000000000009
42381,3,3.0,1.9999999999999991
42381,2,1.0,2.6441416389616092E-23
42381,1,0.0,1.0000000000000009
42345,5,1.0,2.6441416389616092E-23
42345,4,2.0,1.0000000000000009
42345,3,0.0,2.6441416389616092E-23
78387,1,8.0,1.0000000000000009
42345,1,0.0,2.6441416389616092E-23
42254,5,10.0,7.9999999999999964
42254,4,14.0,15.409267506579312
77919,3,0.0,2.6441416389616092E-23
42254,2,2.0,4.4636084668299905
42254,1,12.0,15.409267506579312
41136,5,0.0,2.6441416389616092E-23
76820,4,34.0,33.158702097688455
41136,3,3.0,2.6441416389616092E-23
41136,2,0.0,2.6441416389616092E-23
41136,1,0.0,1.0000000000000009
40899,5,2.0,2.6441416389616092E-23
40899,4,0.0,2.6441416389616092E-23
40899,3,1.0,2.6441416389616092E-23
40899,2,1.0,2.6441416389616092E-23
40899,1,0.0,2.6441416389616092E-23
40866,5,14.0,11.838730000000016
40866,4,7.0,1.0000000000000009
40866,3,4.0,5.870173735751466
74532,5,0.0,2.6441416389616092E-23
40866,1,8.0,3.0000000000000018
40812,5,2.0,1.9999999999999991
40812,4,3.0,2.6441416389616092E-23
74166,1,1.0,2.6441416389616092E-23
40812,2,2.0,1.0000000000000009
40812,1,0.0,2.6441416389616092E-23
40731,5,1.0,3.0000000000000018
73383,3,0.0,2.6441416389616092E-23
40731,3,0.0,2.6441416389616092E-23
73017,4,1.0,2.6441416389616092E-23
40731,1,0.0,1.0000000000000009
31665,2,0.0,1.0000000000000009
40652,4,43.0,15.409267506579312
72216,3,0.0,2.6441416389616092E-23
40652,2,20.0,10.639700000000015
72102,4,3.0,3.0000000000000018
40629,5,0.0,1.9999999999999991
72078,5,2.0,2.6441416389616092E-23
40629,3,0.0,1.0000000000000009
40629,2,0.0,1.0000000000000009
40629,1,1.0,2.6441416389616092E-23
40452,5,0.0,2.6441416389616092E-23
40452,4,1.0,2.6441416389616092E-23
40452,3,0.0,2.6441416389616092E-23
40452,2,0.0,2.6441416389616092E-23
40449,5,0.0,1.0000000000000009
40449,4,0.0,1.9999999999999991
40449,3,2.0,1.9999999999999991
40449,2,0.0,2.6441416389616092E-23
40449,1,2.0,1.0000000000000009
40413,5,0.0,2.6441416389616092E-23
40413,4,2.0,1.0000000000000009
40413,3,0.0,2.6441416389616092E-23
40413,2,0.0,1.0000000000000009
40413,1,0.0,2.6441416389616092E-23
40245,5,0.0,1.0000000000000009
40245,4,1.0,2.6441416389616092E-23
40245,3,0.0,1.0000000000000009
40245,2,0.0,1.0000000000000009
40245,1,1.0,2.6441416389616092E-23
40182,5,0.0,1.0000000000000009
40182,4,1.0,2.6441416389616092E-23
40182,3,1.0,1.0000000000000009
40182,2,1.0,1.0000000000000009
40182,1,0.0,2.6441416389616092E-23
40127,5,85.0,69.41957215487604
40127,4,73.0,29.858702097688493
40127,3,76.0,50.51570024130714
40127,2,69.0,69.41957215487604
40127,1,39.0,29.858702097688493
39741,5,0.0,2.6441416389616092E-23
39741,4,4.0,1.0000000000000009
39198,5,0.0,3.0000000000000018
39198,4,1.0,1.0000000000000009
39198,3,0.0,1.0000000000000009
39198,1,1.0,1.0000000000000009
39165,5,7.0,11.838730000000016
39165,4,14.0,29.858702097688493
39165,3,6.0,11.838730000000016
39165,2,1.0,4.4636084668299905
39165,1,1.0,3.0000000000000018
38628,4,2.0,1.9999999999999991
38508,5,0.0,2.6441416389616092E-23
38508,4,2.0,3.0000000000000018
38508,3,0.0,2.6441416389616092E-23
38508,2,0.0,2.6441416389616092E-23
38508,1,0.0,1.0000000000000009
38229,5,8.0,7.9999999999999964
38229,4,0.0,3.0000000000000018
38229,3,1.0,5.870173735751466
38229,2,3.0,3.9619752481300017
38229,1,1.0,4.4636084668299905
38127,5,0.0,2.6441416389616092E-23
38127,4,0.0,2.6441416389616092E-23
38127,3,1.0,2.6441416389616092E-23
38127,2,0.0,2.6441416389616092E-23
38127,1,0.0,2.6441416389616092E-23
60132,1,0.0,1.0000000000000009
37236,5,1.0,2.6441416389616092E-23
37236,4,26.0,15.409267506579312
37236,3,2.0,1.0000000000000009
37236,2,4.0,3.0000000000000018
37236,1,5.0,3.0000000000000018
37059,5,1.0,2.6441416389616092E-23
37059,4,0.0,2.6441416389616092E-23
37059,3,2.0,1.0000000000000009
37059,2,1.0,2.6441416389616092E-23
37059,1,0.0,1.0000000000000009
36675,5,0.0,1.0000000000000009
36675,4,2.0,1.0000000000000009
36675,3,1.0,1.9999999999999991
36675,2,0.0,1.0000000000000009
36675,1,1.0,2.6441416389616092E-23
36534,5,4.0,1.0000000000000009
36534,4,0.0,2.6441416389616092E-23
36534,3,0.0,2.6441416389616092E-23
36534,2,1.0,1.0000000000000009
36534,1,0.0,2.6441416389616092E-23
35091,4,0.0,2.6441416389616092E-23
35091,2,2.0,1.0000000000000009
34965,5,0.0,2.6441416389616092E-23
34965,4,0.0,2.6441416389616092E-23
34965,3,0.0,2.6441416389616092E-23
34965,2,0.0,2.6441416389616092E-23
34965,1,1.0,2.6441416389616092E-23
55962,5,1.0,1.0000000000000009
55962,3,3.0,3.0000000000000018
55962,1,3.0,1.0000000000000009
55557,4,2.0,1.0000000000000009
55557,2,0.0,2.6441416389616092E-23
34302,5,1.0,7.9999999999999964
34302,4,3.0,11.838730000000016
34302,3,0.0,2.987348248130001
34302,2,2.0,7.9999999999999964
34302,1,0.0,4.4636084668299905
34113,5,2.0,1.9999999999999991
34113,4,2.0,3.0000000000000018
34113,3,3.0,3.9619752481300017
34113,2,0.0,1.0000000000000009
34113,1,2.0,1.9999999999999991
34059,5,0.0,2.6441416389616092E-23
34059,4,1.0,1.0000000000000009
34059,3,0.0,1.0000000000000009
34059,2,0.0,1.0000000000000009
34059,1,0.0,1.0000000000000009
33110,5,21.0,10.639700000000015
33110,4,16.0,10.639700000000015
33110,3,10.0,9.339700000000011
33110,2,7.0,7.9999999999999964
33110,1,10.0,3.9619752481300017
33020,5,8.0,10.639700000000015
33020,4,13.0,15.409267506579312
33020,3,52.0,34.6858019041287
33020,2,13.0,11.838730000000016
33020,1,9.0,11.838730000000016
51321,3,1.0,2.6441416389616092E-23
51321,1,0.0,2.6441416389616092E-23
51273,4,10.0,5.870173735751466
51273,2,3.0,3.0000000000000018
32469,5,0.0,1.0000000000000009
32469,4,1.0,7.9999999999999964
32469,3,0.0,11.838730000000016
32469,2,0.0,1.0000000000000009
32469,1,2.0,3.0000000000000018
31968,5,0.0,1.0000000000000009
31968,4,2.0,1.0000000000000009
31968,3,5.0,5.870173735751466
31968,2,1.0,1.0000000000000009
6705,5,0.0,1.9999999999999991
12501,4,2.0,1.9999999999999991
31665,3,0.0,1.0000000000000009
31665,4,16.0,7.9999999999999964
12501,5,1.0,2.6441416389616092E-23
31665,5,4.0,3.0000000000000018
31968,1,5.0,1.0000000000000009
2980,4,54.0,54.62252221365339
7011,1,18.0,29.858702097688493
13299,1,9.0,9.339700000000011
13299,2,12.0,11.838730000000016
7011,2,7.0,15.467760000000016
13299,3,29.0,29.858702097688493
13299,4,16.0,11.838730000000016
549,5,2.0,3.0000000000000018
609,5,0.0,3.0000000000000018
1013,5,12.0,11.838730000000016
2980,5,13.0,15.409267506579312
7011,3,32.0,29.858702097688493
13299,5,5.0,2.987348248130001
13884,1,14.0,11.838730000000016
7011,4,30.0,32.707718898586286
13884,2,3.0,7.9999999999999964
13884,3,16.0,20.642431186442586
3063,1,4.0,1.0000000000000009
7011,5,7.0,11.838730000000016
13884,4,50.0,51.0543034009489
13884,5,9.0,11.838730000000016
7239,1,0.0,1.0000000000000009
14244,1,0.0,1.0000000000000009
14244,2,0.0,1.0000000000000009
1836,1,0.0,2.6441416389616092E-23
3063,2,1.0,1.0000000000000009
7239,2,0.0,2.6441416389616092E-23
14244,3,0.0,1.9999999999999991
14244,4,4.0,2.987348248130001
7239,3,1.0,1.9999999999999991
14244,5,0.0,2.6441416389616092E-23
14337,1,6.0,11.838730000000016
3063,3,3.0,1.0000000000000009
7239,4,16.0,11.838730000000016
14337,2,1.0,3.9619752481300017
14337,3,2.0,4.4636084668299905
7239,5,1.0,2.6441416389616092E-23
14337,4,4.0,4.4636084668299905
14337,5,0.0,1.9999999999999991
903,1,1.0,2.6441416389616092E-23
1836,2,0.0,2.6441416389616092E-23
3063,4,2.0,2.6441416389616092E-23
7446,1,0.0,2.6441416389616092E-23
14385,1,0.0,1.0000000000000009
14385,2,1.0,3.0000000000000018
7446,2,2.0,1.0000000000000009
14385,3,2.0,3.0000000000000018
14385,4,1.0,1.0000000000000009
3063,5,0.0,1.9999999999999991
26652,5,1.0,11.838730000000016
26652,4,1.0,1.9999999999999991
26652,3,0.0,1.0000000000000009
26652,2,0.0,2.6441416389616092E-23
26652,1,0.0,2.6441416389616092E-23
26253,5,0.0,2.6441416389616092E-23
26253,4,1.0,1.0000000000000009
26253,3,1.0,1.0000000000000009
26253,2,0.0,2.6441416389616092E-23
26253,1,0.0,2.6441416389616092E-23
25872,5,0.0,1.0000000000000009
25872,4,1.0,3.0000000000000018
25872,3,2.0,2.6441416389616092E-23
25872,2,0.0,1.0000000000000009
25872,1,0.0,1.9999999999999991
42345,2,1.0,1.0000000000000009
24876,4,6.0,2.987348248130001
42254,3,74.0,69.41957215487604
24876,2,1.0,2.6441416389616092E-23
41136,4,1.0,2.6441416389616092E-23
22329,5,0.0,2.6441416389616092E-23
22329,4,1.0,1.0000000000000009
22329,3,1.0,2.6441416389616092E-23
22329,2,0.0,2.6441416389616092E-23
22329,1,0.0,2.6441416389616092E-23
40866,2,4.0,9.339700000000011
20340,4,2.0,1.0000000000000009
40812,3,0.0,2.6441416389616092E-23
20340,2,0.0,1.0000000000000009
40731,4,1.0,3.0000000000000018
40731,2,1.0,2.6441416389616092E-23
40652,5,15.0,7.9999999999999964
40652,3,8.0,3.9619752481300017
40652,1,33.0,10.639700000000015
40629,4,2.0,2.6441416389616092E-23
20256,3,10.0,3.0000000000000018
20256,1,4.0,2.6441416389616092E-23
19929,5,0.0,2.6441416389616092E-23
19929,4,11.0,15.409267506579312
19929,3,0.0,2.6441416389616092E-23
19929,2,0.0,2.6441416389616092E-23
19929,1,0.0,2.6441416389616092E-23
19329,5,3.0,2.6441416389616092E-23
19329,4,0.0,1.0000000000000009
19329,3,0.0,2.6441416389616092E-23
19329,2,0.0,1.0000000000000009
19329,1,1.0,2.6441416389616092E-23
19200,5,0.0,2.6441416389616092E-23
19200,4,1.0,1.0000000000000009
19200,3,0.0,2.6441416389616092E-23
19200,2,0.0,2.6441416389616092E-23
19200,1,0.0,2.6441416389616092E-23
17373,5,1.0,2.6441416389616092E-23
17373,4,0.0,2.6441416389616092E-23
17373,3,2.0,2.6441416389616092E-23
17373,2,1.0,2.6441416389616092E-23
17373,1,1.0,2.6441416389616092E-23
17097,5,0.0,2.6441416389616092E-23
17097,3,0.0,2.6441416389616092E-23
17097,2,1.0,2.6441416389616092E-23
17097,1,0.0,1.0000000000000009
16872,5,1.0,2.6441416389616092E-23
16872,4,0.0,1.0000000000000009
16872,3,0.0,2.6441416389616092E-23
16872,1,1.0,2.6441416389616092E-23
16533,5,0.0,2.6441416389616092E-23
16533,4,1.0,1.0000000000000009
16533,3,0.0,2.6441416389616092E-23
16533,2,0.0,2.6441416389616092E-23
16533,1,0.0,2.6441416389616092E-23
15888,5,1.0,3.9619752481300017
15888,4,0.0,3.0000000000000018
7446,3,3.0,3.0000000000000018
14385,5,5.0,7.9999999999999964
15888,1,0.0,1.9999999999999991
7446,4,0.0,1.0000000000000009
15888,2,1.0,1.0000000000000009
15888,3,0.0,1.0000000000000009
1836,3,1.0,2.6441416389616092E-23
3090,1,4.0,1.9999999999999991
7446,5,0.0,2.6441416389616092E-23
8178,1,2.0,3.9619752481300017
3090,2,0.0,1.0000000000000009
8178,2,5.0,2.987348248130001
8178,3,5.0,3.0000000000000018
549,3,0.0,2.987348248130001
609,1,0.0,2.6441416389616092E-23
903,2,0.0,2.6441416389616092E-23
1836,4,2.0,1.0000000000000009
3090,3,1.0,1.0000000000000009
8178,4,0.0,3.0000000000000018
8178,5,4.0,3.9619752481300017
3090,4,0.0,1.0000000000000009
8235,1,0.0,1.0000000000000009
8235,2,0.0,1.0000000000000009
1836,5,1.0,1.9999999999999991
3090,5,1.0,1.0000000000000009
8235,3,0.0,1.0000000000000009
8235,4,2.0,1.0000000000000009
3105,1,0.0,2.6441416389616092E-23
8235,5,0.0,2.6441416389616092E-23
8718,1,0.0,1.0000000000000009
903,3,0.0,2.6441416389616092E-23
2181,1,4.0,3.9619752481300017
3105,2,0.0,2.6441416389616092E-23
8718,2,0.0,2.6441416389616092E-23
8718,3,0.0,1.0000000000000009
3105,3,1.0,1.9999999999999991
8718,4,2.0,1.9999999999999991
8718,5,0.0,1.0000000000000009
2181,2,1.0,3.0000000000000018
3105,4,1.0,1.0000000000000009
8928,1,1.0,1.0000000000000009
8928,2,1.0,1.0000000000000009
3105,5,0.0,1.9999999999999991
8928,3,0.0,1.0000000000000009
8928,4,0.0,1.9999999999999991
609,2,0.0,1.0000000000000009
903,4,0.0,2.6441416389616092E-23
2181,3,1.0,2.6441416389616092E-23
5493,1,0.0,2.6441416389616092E-23
8928,5,1.0,2.987348248130001
20340,1,4.0,1.0000000000000009
5493,2,0.0,2.6441416389616092E-23
20340,3,2.0,2.6441416389616092E-23
20340,5,1.0,2.987348248130001
2181,4,4.0,1.0000000000000009
5493,3,0.0,2.6441416389616092E-23
9771,2,2.0,1.0000000000000009
9771,1,3.0,3.0000000000000018
9762,5,1.0,2.6441416389616092E-23
9762,4,3.0,1.0000000000000009
9762,3,1.0,1.0000000000000009
9762,2,1.0,1.0000000000000009
9762,1,1.0,2.6441416389616092E-23
24876,5,0.0,3.9619752481300017
9420,1,1.0,2.6441416389616092E-23
9420,4,1.0,2.6441416389616092E-23
5493,4,1.0,2.6441416389616092E-23
24876,1,1.0,1.0000000000000009
24876,3,2.0,1.0000000000000009
903,5,0.0,2.6441416389616092E-23
2181,5,2.0,2.6441416389616092E-23
5493,5,0.0,2.6441416389616092E-23
5952,2,0.0,2.6441416389616092E-23
2958,1,1.0,1.0000000000000009
5952,4,2.0,2.6441416389616092E-23
6321,1,2.0,7.9999999999999964
91062,1,0.0,0.9168368056628204
111417,1,99.0,84.99999999999994
32817,5,7.0,6.919533683980709
20273,4,113.0,112.99999999999994
47298,2,0.0,0.9168368056628204
46751,1,7.0,6.090432976498006
79175,5,34.0,0.9168368056628204
79175,4,18.0,4.662532976498007
67851,5,8.0,6.090432976498006
59310,1,2.0,2.9360716399970386
53735,2,50.0,50.00000000000003
54957,4,1.0,2.018215613482838
132712,5,13.0,11.246814458880323
132712,1,1.0,11.246814458880323
91062,5,1.0,2.018215613482838
94388,2,9.0,11.990916638880321
32817,3,5.0,3.7440254589567203
132712,3,17.0,11.100613588880321
91062,2,1.0,2.018215613482838
111417,2,31.0,40.22972736787412
79175,3,17.0,2.018215613482838
20273,5,108.0,108.00000000000006
59310,3,5.0,6.919533683980709
54957,1,0.0,0.9168368056628204
34797,1,2.0,3.7440254589567203
20273,1,59.0,60.09204196275712
78234,3,13.0,14.271561894999671
146734,4,43.0,40.22972736787412
91062,4,2.0,0.9168368056628204
115667,2,33.0,17.290916638880674
167182,3,7.0,11.246814458880323
145951,2,75.0,40.22972736787412
91062,3,3.0,2.018215613482838
115667,3,46.0,40.22972736787412
167182,2,2.0,3.7440254589567203
9651,4,0.0,0.9168368056628204
59310,4,3.0,2.9360716399970386
53735,4,165.0,112.99999999999994
34797,3,3.0,2.9360716399970386
20273,2,30.0,39.710227367874126
79175,1,12.0,2.9360716399970386
145951,3,64.0,48.168041962757115
46751,5,13.0,6.919533683980709
111417,4,364.0,112.99999999999994
34797,4,10.0,11.246814458880323
37401,3,4.0,0.9168368056628204
79175,2,5.0,0.9168368056628204
111417,3,94.0,84.99999999999994
145951,5,173.0,144.17196740000003
46950,1,2.0,2.018215613482838
167182,1,5.0,11.246814458880323
20273,3,110.0,109.99999999999994
59310,2,4.0,2.018215613482838
78234,4,18.0,18.000000000000014
47298,3,5.0,0.9168368056628204
132712,4,13.0,11.246814458880323
94388,3,40.0,40.22972736787412
145951,4,248.0,112.99999999999994
72924,4,1.0,0.9168368056628204
53735,1,85.0,84.99999999999994
78234,2,107.0,11.100613588880321
94388,1,12.0,11.990916638880321
146734,1,17.0,11.246814458880323
46950,2,2.0,6.919533683980709
167182,5,6.0,6.919533683980709
67851,1,5.0,5.048907077060668
47298,4,0.0,0.9168368056628204
78234,1,7.0,11.246814458880323
46950,5,2.0,4.662532976498007
146734,5,48.0,11.990916638880321
46751,3,9.0,11.246814458880323
32817,1,0.0,6.919533683980709
59310,5,8.0,6.919533683980709
34797,2,1.0,3.7440254589567203
9651,5,2.0,0.9168368056628204
46950,4,3.0,6.090432976498006
72924,3,0.0,2.018215613482838
9114,4,6.0,3.7440254589567203
111417,5,134.0,109.99999999999994
145951,1,51.0,40.22972736787412
54957,5,0.0,0.9168368056628204
115667,4,59.0,40.22972736787412
115667,5,68.0,67.99999999999994
9114,2,0.0,0.9168368056628204
9651,3,1.0,0.9168368056628204
115667,1,5.0,11.246814458880323
32817,2,3.0,2.018215613482838
54957,3,0.0,0.9168368056628204
94388,4,43.0,40.22972736787412
46950,3,2.0,3.7440254589567203
67851,2,2.0,2.018215613482838
78234,5,11.0,11.990916638880321
9114,3,0.0,2.018215613482838
46751,4,49.0,11.990916638880321
53735,3,69.0,69.00000000000006
146734,2,13.0,11.246814458880323
72924,2,0.0,0.9168368056628204
146734,3,19.0,11.246814458880323
94388,5,31.0,40.22972736787412
67851,3,11.0,11.00861914429802
167182,4,39.0,40.22972736787412
53735,5,121.0,109.99999999999994
67851,4,12.0,11.246814458880323
132712,2,2.0,6.090432976498006
46751,2,5.0,3.7440254589567203
34797,5,9.0,6.919533683980709
